0 1
0 4
0 5
0 6
0 7
0 9
0 10
0 14
0 15
0 16
0 18
0 19
0 20
0 22
0 24
0 26
0 29
0 32
0 35
0 36
0 38
0 39
0 40
0 42
0 43
0 44
0 46
0 47
0 48
0 50
0 52
0 54
0 55
0 56
0 59
1 0
1 2
1 3
1 4
1 5
1 6
1 7
1 10
1 11
1 15
1 16
1 17
1 18
1 19
1 20
1 21
1 22
1 23
1 24
1 27
1 29
1 31
1 34
1 36
1 37
1 39
1 40
1 44
1 46
1 48
1 49
1 50
1 51
1 52
1 56
1 57
1 59
2 1
2 5
2 6
2 9
2 10
2 11
2 12
2 13
2 15
2 16
2 18
2 19
2 21
2 22
2 24
2 25
2 26
2 29
2 30
2 32
2 33
2 34
2 35
2 38
2 42
2 43
2 46
2 48
2 49
2 50
2 51
2 53
2 55
2 56
2 57
2 58
2 59
3 1
3 5
3 8
3 9
3 10
3 11
3 12
3 13
3 15
3 16
3 17
3 18
3 23
3 25
3 28
3 30
3 31
3 33
3 36
3 37
3 38
3 40
3 43
3 44
3 45
3 46
3 47
3 50
3 51
3 52
3 53
3 54
3 58
4 0
4 1
4 8
4 9
4 11
4 15
4 16
4 17
4 20
4 23
4 24
4 25
4 26
4 28
4 29
4 30
4 32
4 33
4 34
4 35
4 39
4 40
4 41
4 43
4 45
4 46
4 47
4 48
4 52
4 53
4 54
4 55
4 56
5 0
5 1
5 2
5 3
5 6
5 9
5 10
5 11
5 13
5 15
5 16
5 17
5 18
5 19
5 20
5 21
5 22
5 25
5 26
5 28
5 29
5 30
5 33
5 34
5 37
5 39
5 41
5 42
5 44
5 45
5 46
5 47
5 48
5 51
5 52
5 53
5 54
5 55
5 57
5 58
5 59
6 0
6 1
6 2
6 5
6 7
6 10
6 11
6 12
6 14
6 16
6 19
6 21
6 22
6 24
6 26
6 27
6 28
6 29
6 30
6 31
6 33
6 34
6 35
6 36
6 37
6 38
6 39
6 40
6 43
6 45
6 46
6 49
6 50
6 51
6 53
6 54
6 55
6 56
6 57
6 58
7 0
7 1
7 6
7 8
7 10
7 11
7 14
7 15
7 18
7 19
7 20
7 21
7 22
7 23
7 25
7 26
7 27
7 29
7 30
7 31
7 32
7 33
7 34
7 35
7 36
7 37
7 38
7 41
7 44
7 45
7 46
7 47
7 52
7 57
7 58
7 59
8 3
8 4
8 7
8 9
8 10
8 11
8 12
8 14
8 16
8 17
8 18
8 19
8 20
8 21
8 23
8 26
8 27
8 28
8 30
8 31
8 33
8 34
8 35
8 36
8 37
8 39
8 41
8 42
8 43
8 44
8 46
8 49
8 50
8 51
8 52
8 53
8 58
9 0
9 2
9 3
9 4
9 5
9 8
9 10
9 11
9 12
9 13
9 15
9 18
9 20
9 21
9 22
9 23
9 25
9 28
9 30
9 31
9 32
9 34
9 36
9 37
9 39
9 41
9 42
9 43
9 45
9 48
9 50
9 52
9 53
9 54
9 56
9 58
10 0
10 1
10 2
10 3
10 5
10 6
10 7
10 8
10 9
10 11
10 13
10 16
10 17
10 18
10 19
10 20
10 21
10 23
10 24
10 25
10 26
10 27
10 29
10 30
10 31
10 32
10 35
10 37
10 39
10 40
10 42
10 43
10 44
10 45
10 47
10 50
10 51
10 52
10 53
10 56
10 57
10 58
10 59
11 1
11 2
11 3
11 4
11 5
11 6
11 7
11 8
11 9
11 10
11 13
11 14
11 15
11 17
11 19
11 20
11 22
11 23
11 25
11 28
11 30
11 33
11 37
11 39
11 42
11 45
11 47
11 49
11 50
11 51
11 53
11 55
11 56
11 57
12 2
12 3
12 6
12 8
12 9
12 14
12 15
12 16
12 18
12 19
12 20
12 21
12 26
12 29
12 32
12 33
12 34
12 35
12 36
12 37
12 38
12 39
12 43
12 44
12 46
12 49
12 51
12 52
12 54
12 56
12 57
13 2
13 3
13 5
13 9
13 10
13 11
13 14
13 15
13 16
13 17
13 19
13 20
13 21
13 22
13 23
13 24
13 25
13 26
13 27
13 28
13 30
13 31
13 32
13 34
13 39
13 41
13 42
13 44
13 45
13 47
13 48
13 51
13 52
13 56
13 57
13 58
13 59
14 0
14 6
14 7
14 8
14 11
14 12
14 13
14 15
14 18
14 19
14 22
14 23
14 25
14 26
14 30
14 31
14 32
14 37
14 39
14 41
14 44
14 45
14 46
14 47
14 48
14 50
14 51
14 52
14 53
14 54
14 56
14 57
14 58
14 59
15 0
15 1
15 2
15 3
15 4
15 5
15 7
15 9
15 11
15 12
15 13
15 14
15 17
15 18
15 19
15 20
15 23
15 24
15 25
15 26
15 30
15 31
15 32
15 33
15 38
15 40
15 41
15 42
15 43
15 48
15 49
15 50
15 51
15 52
15 55
15 56
15 57
15 58
15 59
16 0
16 1
16 2
16 3
16 4
16 5
16 6
16 8
16 10
16 12
16 13
16 17
16 18
16 20
16 21
16 23
16 28
16 29
16 30
16 32
16 33
16 37
16 38
16 39
16 41
16 42
16 44
16 47
16 48
16 50
16 51
16 52
16 54
16 55
16 56
16 58
17 1
17 3
17 4
17 5
17 8
17 10
17 11
17 13
17 15
17 16
17 20
17 22
17 23
17 24
17 25
17 27
17 28
17 31
17 32
17 34
17 39
17 42
17 45
17 46
17 50
17 53
17 54
17 57
17 58
17 59
18 0
18 1
18 2
18 3
18 5
18 7
18 8
18 9
18 10
18 12
18 14
18 15
18 16
18 20
18 21
18 22
18 24
18 25
18 26
18 27
18 29
18 30
18 31
18 33
18 34
18 35
18 37
18 40
18 41
18 42
18 43
18 45
18 47
18 50
18 51
18 52
18 53
18 55
18 56
18 57
19 0
19 1
19 2
19 5
19 6
19 7
19 8
19 10
19 11
19 12
19 13
19 14
19 15
19 22
19 24
19 26
19 29
19 30
19 31
19 32
19 34
19 35
19 36
19 37
19 38
19 39
19 40
19 43
19 44
19 45
19 51
19 52
19 53
19 58
19 59
20 0
20 1
20 4
20 5
20 7
20 8
20 9
20 10
20 11
20 12
20 13
20 15
20 16
20 17
20 18
20 21
20 23
20 25
20 26
20 29
20 30
20 35
20 37
20 39
20 40
20 41
20 44
20 45
20 46
20 47
20 50
20 54
20 56
20 57
21 1
21 2
21 5
21 6
21 7
21 8
21 9
21 10
21 12
21 13
21 16
21 18
21 20
21 22
21 23
21 24
21 25
21 26
21 27
21 28
21 30
21 31
21 32
21 33
21 34
21 35
21 36
21 37
21 38
21 41
21 42
21 43
21 44
21 45
21 46
21 48
21 49
21 50
21 53
21 54
21 55
21 57
21 58
21 59
22 0
22 1
22 2
22 5
22 6
22 7
22 9
22 11
22 13
22 14
22 17
22 18
22 19
22 21
22 23
22 25
22 26
22 27
22 28
22 29
22 31
22 34
22 40
22 41
22 42
22 44
22 47
22 48
22 51
22 55
22 56
22 57
22 58
23 1
23 3
23 4
23 7
23 8
23 9
23 10
23 11
23 13
23 14
23 15
23 16
23 17
23 20
23 21
23 22
23 26
23 27
23 28
23 29
23 32
23 33
23 35
23 38
23 41
23 42
23 43
23 45
23 47
23 48
23 49
23 50
23 51
23 52
23 56
23 57
23 59
24 0
24 1
24 2
24 4
24 6
24 10
24 13
24 15
24 17
24 18
24 19
24 21
24 27
24 28
24 29
24 30
24 31
24 32
24 34
24 35
24 36
24 37
24 39
24 40
24 43
24 44
24 45
24 46
24 47
24 48
24 50
24 52
24 53
24 54
24 55
24 58
25 2
25 3
25 4
25 5
25 7
25 9
25 10
25 11
25 13
25 14
25 15
25 17
25 18
25 20
25 21
25 22
25 28
25 31
25 33
25 34
25 35
25 36
25 38
25 41
25 42
25 43
25 46
25 47
25 48
25 50
25 51
25 52
25 53
25 56
25 58
25 59
26 0
26 2
26 4
26 5
26 6
26 7
26 8
26 10
26 12
26 13
26 14
26 15
26 18
26 19
26 20
26 21
26 22
26 23
26 27
26 28
26 30
26 32
26 33
26 34
26 35
26 38
26 39
26 40
26 44
26 45
26 48
26 49
26 50
26 51
26 53
26 55
26 59
27 1
27 6
27 7
27 8
27 10
27 13
27 17
27 18
27 21
27 22
27 23
27 24
27 26
27 29
27 30
27 32
27 34
27 36
27 38
27 40
27 42
27 44
27 50
27 53
27 54
27 56
27 58
27 59
28 3
28 4
28 5
28 6
28 8
28 9
28 11
28 13
28 16
28 17
28 21
28 22
28 23
28 24
28 25
28 26
28 32
28 33
28 36
28 37
28 41
28 43
28 44
28 45
28 48
28 49
28 52
28 53
28 54
28 56
28 59
29 0
29 1
29 2
29 4
29 5
29 6
29 7
29 10
29 12
29 16
29 18
29 19
29 20
29 22
29 23
29 24
29 27
29 30
29 31
29 32
29 35
29 36
29 37
29 40
29 42
29 45
29 46
29 50
29 52
29 54
29 57
29 58
29 59
30 2
30 3
30 4
30 5
30 6
30 7
30 8
30 9
30 10
30 11
30 13
30 14
30 15
30 16
30 18
30 19
30 20
30 21
30 24
30 26
30 27
30 29
30 31
30 32
30 33
30 34
30 35
30 39
30 42
30 47
30 49
30 51
30 52
30 53
30 55
30 56
31 1
31 3
31 6
31 7
31 8
31 9
31 10
31 13
31 14
31 15
31 17
31 18
31 19
31 21
31 22
31 24
31 25
31 29
31 30
31 32
31 33
31 34
31 35
31 37
31 39
31 40
31 44
31 45
31 46
31 48
31 49
31 50
31 53
31 54
31 55
31 57
31 58
31 59
32 0
32 2
32 4
32 7
32 9
32 10
32 12
32 13
32 14
32 15
32 16
32 17
32 19
32 21
32 23
32 24
32 26
32 27
32 28
32 29
32 30
32 31
32 33
32 36
32 41
32 42
32 44
32 45
32 48
32 49
32 50
32 51
32 54
32 55
32 56
32 57
32 58
32 59
33 2
33 3
33 4
33 5
33 6
33 7
33 8
33 11
33 12
33 15
33 16
33 18
33 21
33 23
33 25
33 26
33 28
33 30
33 31
33 32
33 34
33 37
33 38
33 39
33 40
33 41
33 42
33 52
33 53
33 54
33 55
33 56
33 57
33 59
34 1
34 2
34 4
34 5
34 6
34 7
34 8
34 9
34 12
34 13
34 17
34 18
34 19
34 21
34 22
34 24
34 25
34 26
34 27
34 30
34 31
34 33
34 35
34 36
34 38
34 42
34 44
34 45
34 46
34 51
34 52
34 55
34 56
34 59
35 0
35 2
35 4
35 6
35 7
35 8
35 10
35 12
35 18
35 19
35 20
35 21
35 23
35 24
35 25
35 26
35 29
35 30
35 31
35 34
35 36
35 37
35 39
35 40
35 41
35 45
35 46
35 47
35 50
35 52
35 53
35 54
35 56
35 58
36 0
36 1
36 3
36 6
36 7
36 8
36 9
36 12
36 19
36 21
36 24
36 25
36 27
36 28
36 29
36 32
36 34
36 35
36 38
36 39
36 40
36 42
36 44
36 47
36 48
36 49
36 50
36 51
36 54
36 55
36 57
36 59
37 1
37 3
37 5
37 6
37 7
37 8
37 9
37 10
37 11
37 12
37 14
37 16
37 18
37 19
37 20
37 21
37 24
37 28
37 29
37 31
37 33
37 35
37 38
37 39
37 40
37 43
37 45
37 46
37 47
37 48
37 49
37 50
37 51
37 53
37 56
37 57
37 58
37 59
38 0
38 2
38 3
38 6
38 7
38 12
38 15
38 16
38 19
38 21
38 23
38 25
38 26
38 27
38 33
38 34
38 36
38 37
38 40
38 41
38 44
38 47
38 48
38 49
38 50
38 53
38 54
38 56
39 0
39 1
39 4
39 5
39 6
39 8
39 9
39 10
39 11
39 12
39 13
39 14
39 16
39 17
39 19
39 20
39 24
39 26
39 30
39 31
39 33
39 35
39 36
39 37
39 40
39 41
39 42
39 43
39 44
39 45
39 46
39 47
39 49
39 50
39 51
39 52
39 56
39 58
39 59
40 0
40 1
40 3
40 4
40 6
40 10
40 15
40 18
40 19
40 20
40 22
40 24
40 26
40 27
40 29
40 31
40 33
40 35
40 36
40 37
40 38
40 39
40 41
40 42
40 46
40 47
40 48
40 49
40 52
40 54
40 55
40 56
40 57
40 58
40 59
41 4
41 5
41 7
41 8
41 9
41 13
41 14
41 15
41 16
41 18
41 20
41 21
41 22
41 23
41 25
41 28
41 32
41 33
41 35
41 38
41 39
41 40
41 45
41 46
41 47
41 48
41 49
41 51
41 52
41 53
41 56
41 57
41 58
42 0
42 2
42 5
42 8
42 9
42 10
42 11
42 13
42 15
42 16
42 17
42 18
42 21
42 22
42 23
42 25
42 27
42 29
42 30
42 32
42 33
42 34
42 36
42 39
42 40
42 43
42 44
42 46
42 47
42 48
42 51
42 52
42 53
42 55
42 57
42 58
42 59
43 0
43 2
43 3
43 4
43 6
43 8
43 9
43 10
43 12
43 15
43 18
43 19
43 21
43 23
43 24
43 25
43 28
43 37
43 39
43 42
43 45
43 47
43 48
43 49
43 50
43 51
43 56
43 57
43 58
44 0
44 1
44 3
44 5
44 7
44 8
44 10
44 12
44 13
44 14
44 16
44 19
44 20
44 21
44 22
44 24
44 26
44 27
44 28
44 31
44 32
44 34
44 36
44 38
44 39
44 42
44 45
44 46
44 48
44 51
44 53
44 54
44 55
44 57
44 58
45 3
45 4
45 5
45 6
45 7
45 9
45 10
45 11
45 13
45 14
45 17
45 18
45 19
45 20
45 21
45 23
45 24
45 26
45 28
45 29
45 31
45 32
45 34
45 35
45 37
45 39
45 41
45 43
45 44
45 46
45 48
45 49
45 50
45 51
45 52
45 53
45 54
45 55
45 59
46 0
46 1
46 2
46 3
46 4
46 5
46 6
46 7
46 8
46 12
46 14
46 17
46 20
46 21
46 24
46 25
46 29
46 31
46 34
46 35
46 37
46 39
46 40
46 41
46 42
46 44
46 45
46 47
46 48
46 49
46 50
46 51
46 52
46 53
46 54
46 55
46 57
47 0
47 3
47 4
47 5
47 7
47 10
47 11
47 13
47 14
47 16
47 18
47 20
47 22
47 23
47 24
47 25
47 30
47 35
47 36
47 37
47 38
47 39
47 40
47 41
47 42
47 43
47 46
47 48
47 50
47 51
47 52
47 53
47 55
47 57
47 58
48 0
48 1
48 2
48 4
48 5
48 9
48 13
48 14
48 15
48 16
48 21
48 22
48 23
48 24
48 25
48 26
48 28
48 31
48 32
48 36
48 37
48 38
48 40
48 41
48 42
48 43
48 44
48 45
48 46
48 47
48 50
48 53
48 55
48 56
48 58
48 59
49 1
49 2
49 6
49 8
49 11
49 12
49 15
49 21
49 23
49 26
49 28
49 30
49 31
49 32
49 36
49 37
49 38
49 39
49 40
49 41
49 43
49 45
49 46
49 50
49 53
49 55
49 56
49 57
49 58
50 0
50 1
50 2
50 3
50 6
50 8
50 9
50 10
50 11
50 14
50 15
50 16
50 17
50 18
50 20
50 21
50 23
50 24
50 25
50 26
50 27
50 29
50 31
50 32
50 35
50 36
50 37
50 38
50 39
50 43
50 45
50 46
50 47
50 48
50 49
50 51
50 52
50 54
50 56
50 57
51 1
51 2
51 3
51 5
51 6
51 8
51 10
51 11
51 12
51 13
51 14
51 15
51 16
51 18
51 19
51 22
51 23
51 25
51 26
51 30
51 32
51 34
51 36
51 37
51 39
51 41
51 42
51 43
51 44
51 45
51 46
51 47
51 50
51 53
51 54
51 56
51 57
51 58
52 0
52 1
52 3
52 4
52 5
52 7
52 8
52 9
52 10
52 12
52 13
52 14
52 15
52 16
52 18
52 19
52 23
52 24
52 25
52 28
52 29
52 30
52 33
52 34
52 35
52 39
52 40
52 41
52 42
52 45
52 46
52 47
52 50
52 55
52 57
52 58
53 2
53 3
53 4
53 5
53 6
53 8
53 9
53 10
53 11
53 14
53 17
53 18
53 19
53 21
53 24
53 25
53 26
53 27
53 28
53 30
53 31
53 33
53 35
53 37
53 38
53 41
53 42
53 44
53 45
53 46
53 47
53 48
53 49
53 51
53 55
53 56
53 59
54 0
54 3
54 4
54 5
54 6
54 9
54 12
54 14
54 16
54 17
54 20
54 21
54 24
54 27
54 28
54 29
54 31
54 32
54 33
54 35
54 36
54 38
54 40
54 44
54 45
54 46
54 50
54 51
54 57
55 0
55 2
55 4
55 5
55 6
55 11
55 15
55 16
55 18
55 21
55 22
55 24
55 26
55 30
55 31
55 32
55 33
55 34
55 36
55 40
55 42
55 44
55 45
55 46
55 47
55 48
55 49
55 52
55 53
55 57
55 58
56 0
56 1
56 2
56 4
56 6
56 9
56 10
56 11
56 12
56 13
56 14
56 15
56 16
56 18
56 20
56 22
56 23
56 25
56 27
56 28
56 30
56 32
56 33
56 34
56 35
56 37
56 38
56 39
56 40
56 41
56 43
56 48
56 49
56 50
56 51
56 53
56 58
57 1
57 2
57 5
57 6
57 7
57 10
57 11
57 12
57 13
57 14
57 15
57 17
57 18
57 20
57 21
57 22
57 23
57 29
57 31
57 32
57 33
57 36
57 37
57 40
57 41
57 42
57 43
57 44
57 46
57 47
57 49
57 50
57 51
57 52
57 54
57 55
57 58
58 2
58 3
58 5
58 6
58 7
58 8
58 9
58 10
58 13
58 14
58 15
58 16
58 17
58 19
58 21
58 22
58 24
58 25
58 27
58 29
58 31
58 32
58 35
58 37
58 39
58 40
58 41
58 42
58 43
58 44
58 47
58 48
58 49
58 51
58 52
58 55
58 56
58 57
58 59
59 0
59 1
59 2
59 5
59 7
59 10
59 13
59 14
59 15
59 17
59 19
59 21
59 23
59 25
59 26
59 27
59 28
59 29
59 31
59 32
59 33
59 34
59 36
59 37
59 39
59 40
59 42
59 45
59 48
59 53
59 58
end
