0 1
0 2
0 3
0 4
0 10
0 12
0 14
0 15
0 18
0 21
0 22
0 25
0 26
0 27
0 29
1 0
1 2
1 3
1 4
1 5
1 6
1 7
1 8
1 9
1 12
1 13
1 14
1 15
1 17
1 18
1 19
1 20
1 21
1 23
1 24
1 25
1 26
1 29
2 0
2 1
2 3
2 10
2 11
2 12
2 13
2 15
2 16
2 19
2 21
2 22
2 24
2 26
2 27
3 0
3 1
3 2
3 4
3 9
3 10
3 12
3 14
3 15
3 17
3 18
3 19
3 20
3 22
3 23
3 25
3 26
3 28
3 29
4 0
4 1
4 3
4 5
4 6
4 7
4 9
4 11
4 12
4 19
4 20
4 21
4 22
4 23
4 24
4 29
5 1
5 4
5 7
5 8
5 11
5 12
5 13
5 15
5 17
5 18
5 20
5 21
5 23
5 24
5 25
5 26
5 27
5 28
5 29
6 1
6 4
6 7
6 9
6 10
6 12
6 14
6 15
6 16
6 18
6 19
6 21
6 23
6 25
6 26
6 27
7 1
7 4
7 5
7 6
7 8
7 9
7 12
7 16
7 17
7 18
7 19
7 20
7 21
7 22
7 23
7 25
7 27
8 1
8 5
8 7
8 9
8 10
8 11
8 12
8 13
8 18
8 19
8 20
8 21
8 23
8 25
8 28
9 1
9 3
9 4
9 6
9 7
9 8
9 13
9 14
9 15
9 16
9 17
9 18
9 19
9 20
9 21
9 22
9 25
9 29
10 0
10 2
10 3
10 6
10 8
10 11
10 13
10 15
10 16
10 17
10 24
10 27
10 28
10 29
11 2
11 4
11 5
11 8
11 10
11 13
11 14
11 15
11 16
11 19
11 20
11 21
11 23
11 25
11 27
11 29
12 0
12 1
12 2
12 3
12 4
12 5
12 6
12 7
12 8
12 14
12 15
12 16
12 17
12 18
12 19
12 20
12 21
12 23
12 24
12 25
12 27
12 28
13 1
13 2
13 5
13 8
13 9
13 10
13 11
13 14
13 15
13 16
13 17
13 18
13 19
13 20
13 21
13 22
13 26
13 28
13 29
14 0
14 1
14 3
14 6
14 9
14 11
14 12
14 13
14 15
14 16
14 17
14 19
14 20
14 22
14 23
14 24
14 25
14 29
15 0
15 1
15 2
15 3
15 5
15 6
15 9
15 10
15 11
15 12
15 13
15 14
15 17
15 18
15 20
15 22
15 23
15 25
15 26
15 29
16 2
16 6
16 7
16 9
16 10
16 11
16 12
16 13
16 14
16 17
16 18
16 19
16 21
16 22
16 25
16 26
16 29
17 1
17 3
17 5
17 7
17 9
17 10
17 12
17 13
17 14
17 15
17 16
17 20
17 21
17 22
17 24
17 26
17 27
17 28
17 29
18 0
18 1
18 3
18 5
18 6
18 7
18 8
18 9
18 12
18 13
18 15
18 16
18 20
18 21
18 22
18 23
18 24
18 28
18 29
19 1
19 2
19 3
19 4
19 6
19 7
19 8
19 9
19 11
19 12
19 13
19 14
19 16
19 20
19 21
19 23
19 24
19 28
20 1
20 3
20 4
20 5
20 7
20 8
20 9
20 11
20 12
20 13
20 14
20 15
20 17
20 18
20 19
20 22
20 23
20 27
21 0
21 1
21 2
21 4
21 5
21 6
21 7
21 8
21 9
21 11
21 12
21 13
21 16
21 17
21 18
21 19
21 22
21 23
21 24
21 25
21 29
22 0
22 2
22 3
22 4
22 7
22 9
22 13
22 14
22 15
22 16
22 17
22 18
22 20
22 21
22 24
22 25
22 26
22 28
22 29
23 1
23 3
23 4
23 5
23 6
23 7
23 8
23 11
23 12
23 14
23 15
23 18
23 19
23 20
23 21
23 27
23 28
23 29
24 1
24 2
24 4
24 5
24 10
24 12
24 14
24 17
24 18
24 19
24 21
24 22
24 26
24 28
25 0
25 1
25 3
25 5
25 6
25 7
25 8
25 9
25 11
25 12
25 14
25 15
25 16
25 21
25 22
25 26
25 27
26 0
26 1
26 2
26 3
26 5
26 6
26 13
26 15
26 16
26 17
26 22
26 24
26 25
26 27
26 29
27 0
27 2
27 5
27 6
27 7
27 10
27 11
27 12
27 17
27 20
27 23
27 25
27 26
27 29
28 3
28 5
28 8
28 10
28 12
28 13
28 17
28 18
28 19
28 22
28 23
28 24
29 0
29 1
29 3
29 4
29 5
29 9
29 10
29 11
29 13
29 14
29 15
29 16
29 17
29 18
29 21
29 22
29 23
29 26
29 27
end
