0 2
0 3
0 4
0 5
0 6
0 7
0 8
0 9
0 10
0 12
0 13
0 14
0 15
0 16
0 17
0 18
0 19
0 20
0 22
0 23
0 25
0 26
0 27
0 28
0 29
0 31
0 33
0 34
0 35
0 36
0 37
0 38
1 2
1 3
1 5
1 6
1 8
1 9
1 10
1 11
1 12
1 13
1 15
1 16
1 18
1 20
1 21
1 23
1 24
1 25
1 26
1 27
1 28
1 30
1 32
1 33
1 34
1 36
1 39
2 0
2 1
2 3
2 4
2 5
2 7
2 9
2 10
2 11
2 13
2 14
2 16
2 17
2 18
2 19
2 21
2 22
2 23
2 27
2 29
2 30
2 31
2 32
2 35
2 38
2 39
3 0
3 1
3 2
3 5
3 6
3 8
3 10
3 12
3 14
3 15
3 17
3 18
3 19
3 20
3 21
3 22
3 23
3 24
3 25
3 27
3 28
3 29
3 31
3 33
3 35
3 36
3 38
3 39
4 0
4 2
4 5
4 7
4 8
4 10
4 12
4 14
4 16
4 17
4 19
4 20
4 21
4 23
4 24
4 25
4 26
4 28
4 29
4 31
4 32
4 33
4 34
4 36
5 0
5 1
5 2
5 3
5 4
5 6
5 9
5 14
5 15
5 16
5 17
5 20
5 23
5 24
5 25
5 28
5 29
5 34
5 35
5 36
5 37
6 0
6 1
6 3
6 5
6 7
6 10
6 11
6 12
6 14
6 15
6 17
6 19
6 20
6 22
6 23
6 24
6 25
6 27
6 31
6 32
6 35
6 38
6 39
7 0
7 2
7 4
7 6
7 8
7 9
7 10
7 11
7 12
7 14
7 15
7 16
7 17
7 18
7 19
7 20
7 25
7 27
7 28
7 29
7 30
7 31
7 33
7 34
7 36
7 38
7 39
8 0
8 1
8 3
8 4
8 7
8 10
8 12
8 14
8 15
8 17
8 20
8 22
8 23
8 24
8 26
8 28
8 29
8 30
8 35
8 39
9 0
9 1
9 2
9 5
9 7
9 10
9 11
9 15
9 16
9 17
9 19
9 22
9 23
9 24
9 27
9 29
9 30
9 35
9 36
9 37
9 38
9 39
10 0
10 1
10 2
10 3
10 4
10 6
10 7
10 8
10 9
10 11
10 14
10 15
10 16
10 17
10 18
10 19
10 21
10 22
10 23
10 27
10 30
10 35
10 38
11 1
11 2
11 6
11 7
11 9
11 10
11 13
11 14
11 21
11 22
11 24
11 26
11 27
11 30
11 31
11 32
11 33
11 34
11 35
11 39
12 0
12 1
12 3
12 4
12 6
12 7
12 8
12 14
12 15
12 16
12 18
12 19
12 20
12 21
12 23
12 24
12 25
12 27
12 29
12 30
12 31
12 32
12 34
12 35
12 36
12 38
13 0
13 1
13 2
13 11
13 16
13 17
13 18
13 21
13 24
13 25
13 27
13 29
13 30
13 31
13 32
13 33
13 37
14 0
14 2
14 3
14 4
14 5
14 6
14 7
14 8
14 10
14 11
14 12
14 15
14 16
14 17
14 18
14 19
14 20
14 22
14 23
14 25
14 26
14 28
14 29
14 30
14 32
14 38
14 39
15 0
15 1
15 3
15 5
15 6
15 7
15 8
15 9
15 10
15 12
15 14
15 17
15 21
15 22
15 24
15 25
15 26
15 29
15 31
15 33
15 34
15 37
15 38
16 0
16 1
16 2
16 4
16 5
16 7
16 9
16 10
16 12
16 13
16 14
16 21
16 24
16 26
16 28
16 30
16 33
16 34
16 35
16 36
16 37
16 38
16 39
17 0
17 2
17 3
17 4
17 5
17 6
17 7
17 8
17 9
17 10
17 13
17 14
17 15
17 18
17 19
17 21
17 24
17 25
17 26
17 28
17 29
17 32
17 33
17 34
17 35
17 36
17 37
17 38
18 0
18 1
18 2
18 3
18 7
18 10
18 12
18 13
18 14
18 17
18 19
18 22
18 24
18 26
18 28
18 29
18 31
18 32
18 34
18 36
18 37
18 38
18 39
19 0
19 2
19 3
19 4
19 6
19 7
19 9
19 10
19 12
19 14
19 17
19 18
19 20
19 22
19 24
19 25
19 26
19 30
19 31
19 34
19 35
19 36
20 0
20 1
20 3
20 4
20 5
20 6
20 7
20 8
20 12
20 14
20 19
20 21
20 26
20 30
20 31
20 32
20 33
20 34
20 35
20 39
21 1
21 2
21 3
21 4
21 10
21 11
21 12
21 13
21 15
21 16
21 17
21 20
21 23
21 24
21 28
21 29
21 30
21 31
21 33
21 35
21 36
21 37
22 0
22 2
22 3
22 6
22 8
22 9
22 10
22 11
22 14
22 15
22 18
22 19
22 23
22 24
22 26
22 27
22 28
22 30
22 31
22 32
22 33
22 34
22 36
22 39
23 0
23 1
23 2
23 3
23 4
23 5
23 6
23 8
23 9
23 10
23 12
23 14
23 21
23 22
23 24
23 25
23 26
23 27
23 28
23 30
23 31
23 32
23 33
23 34
23 35
23 36
23 37
23 38
23 39
24 1
24 3
24 4
24 5
24 6
24 8
24 9
24 11
24 12
24 13
24 15
24 16
24 17
24 18
24 19
24 21
24 22
24 23
24 26
24 27
24 28
24 30
24 31
24 33
24 36
24 38
24 39
25 0
25 1
25 3
25 4
25 5
25 6
25 7
25 12
25 13
25 14
25 15
25 17
25 19
25 23
25 26
25 27
25 29
25 30
25 31
25 32
25 33
25 36
25 37
26 0
26 1
26 4
26 8
26 11
26 14
26 15
26 16
26 17
26 18
26 19
26 20
26 22
26 23
26 24
26 25
26 27
26 30
26 34
26 37
27 0
27 1
27 2
27 3
27 6
27 7
27 9
27 10
27 11
27 12
27 13
27 22
27 23
27 24
27 25
27 26
27 28
27 29
27 30
27 31
27 32
27 33
27 36
27 37
27 38
27 39
28 0
28 1
28 3
28 4
28 5
28 7
28 8
28 14
28 16
28 17
28 18
28 21
28 22
28 23
28 24
28 27
28 31
28 32
28 33
28 34
28 39
29 0
29 2
29 3
29 4
29 5
29 7
29 8
29 9
29 12
29 13
29 14
29 15
29 17
29 18
29 21
29 25
29 27
29 30
29 31
29 32
29 36
29 38
30 1
30 2
30 7
30 8
30 9
30 10
30 11
30 12
30 13
30 14
30 16
30 19
30 20
30 21
30 22
30 23
30 24
30 25
30 26
30 27
30 29
30 32
30 33
30 39
31 0
31 2
31 3
31 4
31 6
31 7
31 11
31 12
31 13
31 15
31 18
31 19
31 20
31 21
31 22
31 23
31 24
31 25
31 27
31 28
31 29
31 32
31 35
31 36
31 38
31 39
32 1
32 2
32 4
32 6
32 11
32 12
32 13
32 14
32 17
32 18
32 20
32 22
32 23
32 25
32 27
32 28
32 29
32 30
32 31
32 35
32 37
32 39
33 0
33 1
33 3
33 4
33 7
33 11
33 13
33 15
33 16
33 17
33 20
33 21
33 22
33 23
33 24
33 25
33 27
33 28
33 30
33 39
34 0
34 1
34 4
34 5
34 7
34 11
34 12
34 15
34 16
34 17
34 18
34 19
34 20
34 22
34 23
34 26
34 28
34 35
34 36
35 0
35 2
35 3
35 5
35 6
35 8
35 9
35 10
35 11
35 12
35 16
35 17
35 19
35 20
35 21
35 23
35 31
35 32
35 34
35 37
35 38
35 39
36 0
36 1
36 3
36 4
36 5
36 7
36 9
36 12
36 16
36 17
36 18
36 19
36 21
36 22
36 23
36 24
36 25
36 27
36 29
36 31
36 34
36 37
36 38
36 39
37 0
37 5
37 9
37 13
37 15
37 16
37 17
37 18
37 21
37 23
37 25
37 26
37 27
37 32
37 35
37 36
37 39
38 0
38 2
38 3
38 6
38 7
38 9
38 10
38 12
38 14
38 15
38 16
38 17
38 18
38 23
38 24
38 27
38 29
38 31
38 35
38 36
38 39
39 1
39 2
39 3
39 6
39 7
39 8
39 9
39 11
39 14
39 16
39 18
39 20
39 22
39 23
39 24
39 27
39 28
39 30
39 31
39 32
39 33
39 35
39 36
39 37
39 38
end
