0 3
0 4
0 5
0 10
0 11
0 13
0 15
0 17
0 19
0 21
0 22
0 23
0 25
0 27
0 30
0 32
0 35
0 36
0 37
0 39
0 40
0 44
0 45
0 46
0 47
0 49
0 50
0 51
0 53
0 56
0 58
0 59
0 61
0 66
0 69
0 70
0 71
0 72
0 74
0 75
0 77
0 78
0 79
0 81
0 82
0 83
0 85
0 86
0 87
0 88
0 90
0 93
0 95
0 96
1 3
1 4
1 7
1 8
1 10
1 11
1 15
1 16
1 17
1 19
1 20
1 21
1 22
1 23
1 27
1 29
1 30
1 33
1 35
1 36
1 37
1 41
1 43
1 44
1 48
1 49
1 50
1 51
1 52
1 57
1 58
1 59
1 60
1 61
1 63
1 65
1 66
1 71
1 73
1 74
1 75
1 76
1 77
1 78
1 81
1 82
1 83
1 86
1 88
1 89
1 91
1 92
1 94
1 95
1 97
1 98
2 3
2 4
2 5
2 6
2 8
2 10
2 12
2 15
2 16
2 20
2 21
2 22
2 27
2 28
2 29
2 30
2 32
2 33
2 34
2 36
2 37
2 38
2 42
2 43
2 44
2 45
2 48
2 49
2 52
2 53
2 54
2 55
2 56
2 59
2 60
2 61
2 62
2 63
2 65
2 66
2 70
2 72
2 73
2 74
2 79
2 82
2 83
2 84
2 86
2 88
2 90
2 91
2 92
2 94
2 95
2 98
2 99
3 0
3 1
3 2
3 8
3 10
3 11
3 13
3 15
3 16
3 18
3 19
3 21
3 23
3 24
3 25
3 26
3 27
3 28
3 30
3 34
3 35
3 39
3 41
3 42
3 44
3 47
3 48
3 51
3 52
3 53
3 55
3 56
3 58
3 59
3 61
3 62
3 63
3 65
3 66
3 68
3 70
3 72
3 73
3 75
3 78
3 80
3 81
3 82
3 83
3 84
3 86
3 87
3 88
3 93
3 94
3 95
3 96
3 97
3 99
4 0
4 1
4 2
4 6
4 8
4 9
4 12
4 13
4 14
4 17
4 18
4 19
4 20
4 22
4 23
4 26
4 27
4 28
4 31
4 32
4 33
4 34
4 37
4 39
4 40
4 41
4 42
4 44
4 46
4 47
4 48
4 50
4 51
4 52
4 53
4 55
4 57
4 58
4 59
4 62
4 63
4 64
4 65
4 66
4 67
4 68
4 69
4 71
4 72
4 73
4 74
4 77
4 80
4 86
4 90
4 91
4 92
4 93
4 94
4 96
4 97
4 98
5 0
5 2
5 9
5 10
5 11
5 14
5 16
5 18
5 20
5 21
5 25
5 27
5 29
5 33
5 34
5 36
5 38
5 42
5 43
5 45
5 46
5 47
5 48
5 52
5 55
5 57
5 59
5 61
5 62
5 64
5 65
5 67
5 70
5 72
5 73
5 78
5 80
5 81
5 83
5 84
5 85
5 86
5 87
5 89
5 90
5 91
5 92
5 93
5 94
5 95
5 96
5 97
5 98
6 2
6 4
6 7
6 8
6 9
6 10
6 11
6 13
6 14
6 15
6 16
6 17
6 21
6 23
6 26
6 27
6 28
6 29
6 31
6 32
6 34
6 35
6 39
6 40
6 42
6 45
6 47
6 49
6 50
6 51
6 52
6 53
6 55
6 56
6 59
6 60
6 62
6 63
6 64
6 65
6 66
6 67
6 68
6 69
6 71
6 73
6 74
6 75
6 76
6 79
6 82
6 83
6 84
6 85
6 87
6 88
6 89
6 91
6 92
6 94
6 96
7 1
7 6
7 8
7 9
7 10
7 11
7 12
7 13
7 16
7 17
7 20
7 21
7 22
7 23
7 24
7 25
7 26
7 27
7 29
7 30
7 31
7 32
7 33
7 36
7 37
7 39
7 40
7 41
7 44
7 45
7 46
7 47
7 48
7 49
7 50
7 51
7 53
7 54
7 56
7 57
7 58
7 59
7 60
7 61
7 62
7 64
7 67
7 68
7 69
7 70
7 71
7 72
7 73
7 74
7 75
7 77
7 78
7 80
7 83
7 84
7 86
7 90
7 91
7 94
7 95
7 98
8 1
8 2
8 3
8 4
8 6
8 7
8 9
8 10
8 11
8 14
8 15
8 17
8 18
8 19
8 21
8 23
8 26
8 27
8 29
8 31
8 32
8 33
8 35
8 36
8 38
8 39
8 42
8 43
8 46
8 47
8 48
8 50
8 51
8 53
8 63
8 64
8 65
8 66
8 67
8 68
8 69
8 70
8 72
8 73
8 74
8 76
8 77
8 79
8 81
8 82
8 83
8 84
8 85
8 86
8 88
8 89
8 90
8 91
8 94
8 95
8 96
8 97
8 98
9 4
9 5
9 6
9 7
9 8
9 10
9 11
9 13
9 17
9 18
9 21
9 25
9 26
9 27
9 29
9 30
9 31
9 32
9 34
9 35
9 36
9 38
9 39
9 40
9 41
9 43
9 44
9 47
9 48
9 49
9 50
9 51
9 54
9 55
9 56
9 57
9 58
9 59
9 62
9 64
9 65
9 66
9 67
9 68
9 72
9 74
9 75
9 76
9 77
9 78
9 79
9 80
9 82
9 84
9 86
9 87
9 88
9 90
9 93
9 95
9 97
9 98
9 99
10 0
10 1
10 2
10 3
10 5
10 6
10 7
10 8
10 9
10 11
10 14
10 17
10 19
10 20
10 21
10 24
10 25
10 26
10 29
10 30
10 34
10 36
10 38
10 40
10 41
10 47
10 48
10 49
10 50
10 52
10 53
10 54
10 56
10 57
10 58
10 59
10 60
10 61
10 62
10 65
10 66
10 70
10 71
10 75
10 76
10 77
10 79
10 80
10 81
10 83
10 85
10 87
10 88
10 89
10 90
10 91
10 92
10 94
10 96
10 97
10 98
11 0
11 1
11 3
11 5
11 6
11 7
11 8
11 9
11 10
11 13
11 14
11 16
11 17
11 19
11 20
11 21
11 23
11 25
11 26
11 27
11 29
11 30
11 31
11 32
11 34
11 36
11 37
11 40
11 41
11 42
11 45
11 46
11 47
11 48
11 55
11 57
11 60
11 62
11 63
11 66
11 68
11 69
11 71
11 73
11 74
11 77
11 80
11 81
11 82
11 83
11 84
11 85
11 86
11 88
11 90
11 91
11 92
11 93
11 94
11 95
11 98
11 99
12 2
12 4
12 7
12 14
12 15
12 16
12 17
12 20
12 22
12 23
12 24
12 25
12 29
12 31
12 32
12 33
12 34
12 36
12 37
12 38
12 39
12 40
12 41
12 42
12 43
12 44
12 49
12 50
12 51
12 52
12 53
12 55
12 56
12 57
12 59
12 60
12 61
12 62
12 63
12 64
12 65
12 67
12 69
12 70
12 71
12 73
12 74
12 76
12 77
12 78
12 79
12 80
12 81
12 84
12 86
12 88
12 89
12 90
12 92
12 94
12 95
12 96
13 0
13 3
13 4
13 6
13 7
13 9
13 11
13 14
13 18
13 19
13 21
13 22
13 25
13 26
13 27
13 28
13 29
13 30
13 31
13 32
13 35
13 37
13 38
13 39
13 40
13 44
13 46
13 48
13 50
13 51
13 55
13 56
13 58
13 59
13 60
13 62
13 63
13 64
13 65
13 67
13 74
13 75
13 76
13 78
13 82
13 83
13 85
13 86
13 87
13 88
13 90
13 93
13 94
13 95
13 97
13 98
13 99
14 4
14 5
14 6
14 8
14 10
14 11
14 12
14 13
14 15
14 17
14 18
14 19
14 20
14 21
14 24
14 25
14 30
14 32
14 33
14 34
14 36
14 37
14 38
14 39
14 40
14 41
14 42
14 43
14 46
14 47
14 49
14 50
14 51
14 52
14 53
14 57
14 58
14 59
14 60
14 62
14 64
14 65
14 69
14 70
14 72
14 77
14 81
14 83
14 84
14 85
14 89
14 94
14 95
14 96
14 97
14 98
14 99
15 0
15 1
15 2
15 3
15 6
15 8
15 12
15 14
15 16
15 20
15 22
15 24
15 28
15 31
15 32
15 34
15 40
15 41
15 42
15 43
15 45
15 48
15 49
15 53
15 57
15 58
15 59
15 60
15 61
15 62
15 63
15 66
15 69
15 70
15 72
15 74
15 75
15 79
15 81
15 82
15 84
15 86
15 87
15 90
15 91
15 92
15 93
15 94
15 95
15 97
15 98
16 1
16 2
16 3
16 5
16 6
16 7
16 11
16 12
16 15
16 20
16 21
16 22
16 23
16 24
16 26
16 28
16 30
16 31
16 32
16 33
16 35
16 36
16 38
16 39
16 40
16 41
16 43
16 45
16 46
16 47
16 48
16 49
16 51
16 53
16 54
16 56
16 57
16 58
16 59
16 60
16 61
16 62
16 63
16 64
16 68
16 69
16 72
16 73
16 74
16 76
16 77
16 79
16 85
16 86
16 87
16 90
16 91
16 93
16 96
16 98
16 99
17 0
17 1
17 4
17 6
17 7
17 8
17 9
17 10
17 11
17 12
17 14
17 18
17 19
17 20
17 22
17 23
17 26
17 27
17 28
17 30
17 32
17 34
17 36
17 38
17 39
17 41
17 42
17 43
17 44
17 45
17 49
17 51
17 53
17 54
17 55
17 57
17 61
17 64
17 65
17 66
17 67
17 68
17 78
17 79
17 80
17 81
17 82
17 83
17 84
17 85
17 88
17 89
17 92
17 94
17 96
17 97
17 98
17 99
18 3
18 4
18 5
18 8
18 9
18 13
18 14
18 17
18 19
18 20
18 21
18 22
18 23
18 27
18 30
18 33
18 34
18 35
18 36
18 37
18 38
18 39
18 42
18 43
18 44
18 45
18 46
18 48
18 49
18 50
18 51
18 53
18 56
18 58
18 59
18 60
18 62
18 64
18 67
18 69
18 71
18 72
18 74
18 75
18 77
18 78
18 80
18 83
18 84
18 85
18 87
18 89
18 91
18 92
18 94
18 95
18 96
18 97
18 98
18 99
19 0
19 1
19 3
19 4
19 8
19 10
19 11
19 13
19 14
19 17
19 18
19 20
19 21
19 24
19 25
19 26
19 27
19 29
19 30
19 31
19 32
19 33
19 34
19 35
19 36
19 37
19 38
19 39
19 41
19 42
19 44
19 46
19 47
19 49
19 50
19 53
19 55
19 56
19 57
19 59
19 62
19 63
19 64
19 65
19 69
19 73
19 74
19 75
19 76
19 77
19 79
19 81
19 85
19 86
19 87
19 89
19 90
19 92
19 93
19 94
19 95
19 99
20 1
20 2
20 4
20 5
20 7
20 10
20 11
20 12
20 14
20 15
20 16
20 17
20 18
20 19
20 22
20 23
20 24
20 26
20 27
20 28
20 31
20 33
20 35
20 36
20 37
20 38
20 39
20 40
20 44
20 45
20 46
20 47
20 49
20 50
20 51
20 52
20 54
20 56
20 57
20 59
20 61
20 62
20 63
20 64
20 65
20 66
20 67
20 69
20 73
20 76
20 77
20 81
20 82
20 83
20 84
20 86
20 87
20 88
20 89
20 92
20 93
20 94
20 95
21 0
21 1
21 2
21 3
21 5
21 6
21 7
21 8
21 9
21 10
21 11
21 13
21 14
21 16
21 18
21 19
21 24
21 26
21 27
21 28
21 29
21 31
21 34
21 36
21 37
21 38
21 39
21 40
21 43
21 45
21 51
21 52
21 53
21 56
21 58
21 59
21 60
21 61
21 63
21 64
21 65
21 67
21 69
21 70
21 71
21 74
21 75
21 77
21 78
21 79
21 83
21 86
21 87
21 92
21 94
21 95
21 96
21 97
22 0
22 1
22 2
22 4
22 7
22 12
22 13
22 15
22 16
22 17
22 18
22 20
22 23
22 24
22 25
22 27
22 28
22 30
22 31
22 32
22 33
22 35
22 36
22 37
22 38
22 40
22 42
22 43
22 44
22 46
22 48
22 49
22 50
22 51
22 53
22 54
22 55
22 56
22 57
22 59
22 60
22 63
22 64
22 65
22 70
22 71
22 75
22 78
22 82
22 83
22 84
22 85
22 86
22 87
22 90
22 91
22 93
22 96
22 98
23 0
23 1
23 3
23 4
23 6
23 7
23 8
23 11
23 12
23 16
23 17
23 18
23 20
23 22
23 26
23 30
23 32
23 33
23 34
23 35
23 38
23 39
23 40
23 41
23 42
23 43
23 45
23 47
23 48
23 51
23 54
23 56
23 57
23 59
23 60
23 61
23 63
23 64
23 66
23 67
23 68
23 69
23 70
23 73
23 75
23 76
23 78
23 80
23 85
23 88
23 89
23 90
23 91
23 92
23 93
23 95
23 96
23 97
23 98
23 99
24 3
24 7
24 10
24 12
24 14
24 15
24 16
24 19
24 20
24 21
24 22
24 26
24 29
24 30
24 31
24 32
24 33
24 34
24 35
24 36
24 38
24 41
24 42
24 43
24 44
24 46
24 47
24 48
24 49
24 50
24 51
24 52
24 53
24 54
24 55
24 56
24 58
24 59
24 60
24 61
24 62
24 67
24 68
24 69
24 71
24 72
24 73
24 75
24 76
24 82
24 83
24 84
24 93
24 95
24 97
25 0
25 3
25 5
25 7
25 9
25 10
25 11
25 12
25 13
25 14
25 19
25 22
25 26
25 27
25 29
25 30
25 35
25 37
25 38
25 39
25 40
25 41
25 42
25 44
25 46
25 47
25 48
25 51
25 52
25 54
25 57
25 58
25 60
25 61
25 66
25 67
25 68
25 71
25 72
25 74
25 75
25 79
25 80
25 81
25 82
25 84
25 85
25 88
25 89
25 90
25 91
25 93
25 94
25 96
25 97
25 98
25 99
26 3
26 4
26 6
26 7
26 8
26 9
26 10
26 11
26 13
26 16
26 17
26 19
26 20
26 21
26 23
26 24
26 25
26 27
26 30
26 31
26 32
26 33
26 37
26 38
26 39
26 40
26 41
26 42
26 44
26 45
26 47
26 48
26 52
26 53
26 54
26 55
26 56
26 58
26 60
26 64
26 66
26 67
26 69
26 70
26 73
26 74
26 76
26 77
26 79
26 80
26 81
26 82
26 84
26 87
26 89
26 92
26 94
26 95
26 99
27 0
27 1
27 2
27 3
27 4
27 5
27 6
27 7
27 8
27 9
27 11
27 13
27 17
27 18
27 19
27 20
27 21
27 22
27 25
27 26
27 29
27 30
27 32
27 33
27 36
27 37
27 38
27 40
27 41
27 47
27 48
27 49
27 50
27 51
27 57
27 59
27 61
27 63
27 65
27 69
27 72
27 74
27 76
27 77
27 78
27 80
27 81
27 85
27 86
27 88
27 89
27 90
27 95
27 96
27 98
28 2
28 3
28 4
28 6
28 13
28 15
28 16
28 17
28 20
28 21
28 22
28 30
28 31
28 32
28 35
28 38
28 41
28 42
28 43
28 44
28 46
28 48
28 49
28 50
28 51
28 58
28 59
28 61
28 63
28 64
28 65
28 66
28 67
28 68
28 69
28 70
28 71
28 72
28 75
28 76
28 77
28 78
28 79
28 80
28 81
28 82
28 83
28 84
28 87
28 88
28 89
28 90
28 92
28 94
28 95
28 96
28 97
28 98
28 99
29 1
29 2
29 5
29 6
29 7
29 8
29 9
29 10
29 11
29 12
29 13
29 19
29 21
29 24
29 25
29 27
29 30
29 31
29 32
29 34
29 35
29 36
29 37
29 38
29 40
29 42
29 43
29 44
29 45
29 46
29 47
29 48
29 49
29 50
29 52
29 54
29 57
29 61
29 62
29 63
29 65
29 67
29 72
29 73
29 74
29 75
29 76
29 77
29 78
29 81
29 82
29 83
29 84
29 87
29 93
29 94
29 95
29 97
29 98
29 99
30 0
30 1
30 2
30 3
30 7
30 9
30 10
30 11
30 13
30 14
30 16
30 17
30 18
30 19
30 22
30 23
30 24
30 25
30 26
30 27
30 28
30 29
30 32
30 35
30 36
30 37
30 38
30 40
30 42
30 43
30 46
30 47
30 48
30 50
30 51
30 53
30 58
30 59
30 61
30 62
30 63
30 64
30 68
30 69
30 71
30 74
30 75
30 78
30 79
30 81
30 82
30 83
30 84
30 85
30 86
30 87
30 88
30 90
30 93
30 94
30 95
30 96
30 97
30 98
31 4
31 6
31 7
31 8
31 9
31 11
31 12
31 13
31 15
31 16
31 19
31 20
31 21
31 22
31 24
31 26
31 28
31 29
31 34
31 35
31 37
31 38
31 39
31 40
31 44
31 45
31 47
31 48
31 50
31 51
31 53
31 55
31 57
31 59
31 60
31 61
31 65
31 66
31 67
31 68
31 69
31 72
31 75
31 77
31 79
31 82
31 83
31 86
31 88
31 92
31 93
31 94
31 95
31 96
31 97
31 99
32 0
32 2
32 4
32 6
32 7
32 8
32 9
32 11
32 12
32 13
32 14
32 15
32 16
32 17
32 19
32 22
32 23
32 24
32 26
32 27
32 28
32 29
32 30
32 34
32 35
32 40
32 41
32 44
32 47
32 48
32 49
32 50
32 51
32 52
32 54
32 55
32 56
32 57
32 59
32 60
32 65
32 67
32 68
32 69
32 70
32 71
32 72
32 73
32 77
32 78
32 80
32 81
32 87
32 88
32 91
32 94
32 96
32 99
33 1
33 2
33 4
33 5
33 7
33 8
33 12
33 14
33 16
33 18
33 19
33 20
33 22
33 23
33 24
33 26
33 27
33 35
33 36
33 37
33 38
33 39
33 40
33 41
33 45
33 46
33 47
33 54
33 56
33 63
33 64
33 65
33 66
33 67
33 68
33 69
33 70
33 71
33 73
33 74
33 75
33 80
33 81
33 86
33 87
33 88
33 92
33 93
33 94
33 96
33 98
33 99
34 2
34 3
34 4
34 5
34 6
34 9
34 10
34 11
34 12
34 14
34 15
34 17
34 18
34 19
34 21
34 23
34 24
34 29
34 31
34 32
34 35
34 37
34 38
34 39
34 41
34 42
34 45
34 46
34 47
34 49
34 52
34 53
34 54
34 56
34 58
34 59
34 60
34 61
34 65
34 66
34 67
34 68
34 69
34 71
34 73
34 74
34 75
34 76
34 77
34 78
34 79
34 80
34 82
34 85
34 86
34 87
34 88
34 91
34 94
34 98
35 0
35 1
35 3
35 6
35 8
35 9
35 13
35 16
35 18
35 19
35 20
35 22
35 23
35 24
35 25
35 28
35 29
35 30
35 31
35 32
35 33
35 34
35 37
35 38
35 39
35 40
35 41
35 42
35 44
35 45
35 46
35 47
35 50
35 53
35 54
35 57
35 59
35 60
35 62
35 63
35 64
35 65
35 67
35 68
35 70
35 71
35 76
35 77
35 78
35 79
35 80
35 81
35 82
35 84
35 85
35 88
35 89
35 91
35 94
35 95
35 96
35 97
35 98
35 99
36 0
36 1
36 2
36 5
36 7
36 8
36 9
36 10
36 11
36 12
36 14
36 16
36 17
36 18
36 19
36 20
36 21
36 22
36 24
36 27
36 29
36 30
36 33
36 37
36 39
36 40
36 43
36 44
36 47
36 48
36 49
36 50
36 51
36 54
36 55
36 57
36 58
36 59
36 60
36 61
36 63
36 65
36 66
36 67
36 69
36 70
36 74
36 75
36 76
36 78
36 79
36 82
36 83
36 84
36 85
36 86
36 88
36 89
36 90
36 92
36 94
36 98
36 99
37 0
37 1
37 2
37 4
37 7
37 11
37 12
37 13
37 14
37 18
37 19
37 20
37 21
37 22
37 25
37 26
37 27
37 29
37 30
37 31
37 33
37 34
37 35
37 36
37 39
37 40
37 42
37 43
37 45
37 46
37 48
37 50
37 51
37 52
37 54
37 55
37 59
37 60
37 61
37 63
37 64
37 66
37 68
37 73
37 75
37 76
37 79
37 82
37 85
37 86
37 87
37 88
37 90
37 91
37 92
37 93
37 94
37 95
37 97
37 98
37 99
38 2
38 5
38 8
38 9
38 10
38 12
38 13
38 14
38 16
38 17
38 18
38 19
38 20
38 21
38 22
38 23
38 24
38 25
38 26
38 27
38 28
38 29
38 30
38 31
38 33
38 34
38 35
38 39
38 40
38 44
38 45
38 46
38 47
38 48
38 50
38 51
38 54
38 55
38 57
38 58
38 59
38 60
38 61
38 65
38 71
38 74
38 75
38 76
38 77
38 79
38 80
38 84
38 86
38 87
38 88
38 89
38 90
38 91
38 93
38 94
38 96
38 97
38 98
39 0
39 3
39 4
39 6
39 7
39 8
39 9
39 12
39 13
39 14
39 16
39 17
39 18
39 19
39 20
39 21
39 23
39 25
39 26
39 31
39 33
39 34
39 35
39 36
39 37
39 38
39 40
39 41
39 42
39 43
39 44
39 45
39 46
39 47
39 48
39 49
39 50
39 52
39 53
39 54
39 56
39 57
39 58
39 61
39 62
39 64
39 68
39 69
39 72
39 73
39 74
39 75
39 76
39 77
39 80
39 82
39 83
39 84
39 85
39 87
39 90
39 93
39 94
39 98
39 99
40 0
40 4
40 6
40 7
40 9
40 10
40 11
40 12
40 13
40 14
40 15
40 16
40 20
40 21
40 22
40 23
40 25
40 26
40 27
40 29
40 30
40 31
40 32
40 33
40 35
40 36
40 37
40 38
40 39
40 43
40 44
40 47
40 49
40 50
40 52
40 53
40 55
40 56
40 61
40 62
40 63
40 64
40 65
40 68
40 70
40 71
40 74
40 76
40 77
40 78
40 79
40 81
40 82
40 83
40 85
40 86
40 88
40 90
40 91
40 92
40 93
40 97
40 98
41 1
41 3
41 4
41 7
41 9
41 10
41 11
41 12
41 14
41 15
41 16
41 17
41 19
41 23
41 24
41 25
41 26
41 27
41 28
41 32
41 33
41 34
41 35
41 39
41 42
41 43
41 44
41 48
41 49
41 50
41 53
41 56
41 58
41 59
41 61
41 62
41 64
41 66
41 69
41 72
41 73
41 77
41 79
41 80
41 82
41 84
41 86
41 87
41 89
41 90
41 91
41 92
41 93
41 94
41 95
41 96
41 97
41 98
41 99
42 2
42 3
42 4
42 5
42 6
42 8
42 11
42 12
42 14
42 15
42 17
42 18
42 19
42 22
42 23
42 24
42 25
42 26
42 28
42 29
42 30
42 34
42 35
42 37
42 39
42 41
42 43
42 44
42 45
42 46
42 47
42 49
42 50
42 51
42 54
42 55
42 56
42 59
42 60
42 62
42 66
42 67
42 68
42 69
42 73
42 74
42 75
42 76
42 77
42 79
42 80
42 81
42 83
42 84
42 85
42 87
42 88
42 89
42 92
42 94
42 97
43 1
43 2
43 5
43 8
43 9
43 12
43 14
43 15
43 16
43 17
43 18
43 21
43 22
43 23
43 24
43 28
43 29
43 30
43 36
43 37
43 39
43 40
43 41
43 42
43 44
43 45
43 46
43 47
43 49
43 50
43 52
43 53
43 54
43 55
43 56
43 58
43 59
43 60
43 61
43 63
43 65
43 67
43 68
43 71
43 72
43 73
43 77
43 79
43 80
43 81
43 82
43 83
43 85
43 87
43 88
43 89
43 95
43 96
43 97
43 98
43 99
44 0
44 1
44 2
44 3
44 4
44 7
44 9
44 12
44 13
44 17
44 18
44 19
44 20
44 22
44 24
44 25
44 26
44 28
44 29
44 31
44 32
44 35
44 36
44 38
44 39
44 40
44 41
44 42
44 43
44 45
44 46
44 48
44 49
44 50
44 51
44 55
44 56
44 57
44 58
44 59
44 62
44 63
44 64
44 66
44 68
44 72
44 74
44 75
44 76
44 77
44 80
44 81
44 85
44 87
44 89
44 90
44 91
44 92
44 93
44 96
45 0
45 2
45 5
45 6
45 7
45 11
45 15
45 16
45 17
45 18
45 20
45 21
45 23
45 26
45 29
45 31
45 33
45 34
45 35
45 37
45 38
45 39
45 42
45 43
45 44
45 46
45 48
45 51
45 55
45 56
45 57
45 63
45 65
45 66
45 67
45 68
45 69
45 70
45 71
45 72
45 76
45 77
45 79
45 80
45 81
45 84
45 85
45 86
45 87
45 90
45 94
45 95
45 96
45 97
45 98
46 0
46 4
46 5
46 7
46 8
46 11
46 13
46 14
46 16
46 18
46 19
46 20
46 22
46 24
46 25
46 28
46 29
46 30
46 33
46 34
46 35
46 37
46 38
46 39
46 42
46 43
46 44
46 45
46 47
46 48
46 49
46 51
46 52
46 53
46 54
46 56
46 57
46 60
46 61
46 62
46 63
46 64
46 65
46 67
46 68
46 69
46 72
46 73
46 75
46 76
46 77
46 81
46 83
46 84
46 85
46 87
46 88
46 89
46 90
46 93
46 94
46 95
46 96
47 0
47 3
47 4
47 5
47 6
47 7
47 8
47 9
47 10
47 11
47 14
47 16
47 19
47 20
47 23
47 24
47 25
47 26
47 27
47 29
47 30
47 31
47 32
47 33
47 34
47 35
47 36
47 38
47 39
47 40
47 42
47 43
47 46
47 51
47 52
47 55
47 56
47 57
47 59
47 61
47 62
47 64
47 67
47 68
47 69
47 70
47 71
47 72
47 76
47 77
47 78
47 79
47 81
47 84
47 86
47 87
47 89
47 90
47 91
47 94
47 95
47 98
48 1
48 2
48 3
48 4
48 5
48 7
48 8
48 9
48 10
48 11
48 13
48 15
48 16
48 18
48 22
48 23
48 24
48 25
48 26
48 27
48 28
48 29
48 30
48 31
48 32
48 36
48 37
48 38
48 39
48 41
48 44
48 45
48 46
48 49
48 57
48 59
48 60
48 61
48 62
48 63
48 64
48 65
48 67
48 70
48 71
48 76
48 77
48 78
48 79
48 82
48 87
48 89
48 91
48 92
48 93
48 95
48 97
48 98
48 99
49 0
49 1
49 2
49 6
49 7
49 9
49 10
49 12
49 14
49 15
49 16
49 17
49 18
49 19
49 20
49 22
49 24
49 27
49 28
49 29
49 32
49 34
49 36
49 39
49 40
49 41
49 42
49 43
49 44
49 46
49 48
49 52
49 54
49 55
49 56
49 57
49 59
49 60
49 62
49 65
49 68
49 70
49 71
49 72
49 74
49 75
49 77
49 78
49 79
49 80
49 84
49 86
49 88
49 89
49 91
49 93
49 94
49 95
49 98
49 99
50 0
50 1
50 4
50 6
50 7
50 8
50 9
50 10
50 12
50 13
50 14
50 18
50 19
50 20
50 22
50 24
50 27
50 28
50 29
50 30
50 31
50 32
50 35
50 36
50 37
50 38
50 39
50 40
50 41
50 42
50 43
50 44
50 51
50 52
50 54
50 55
50 56
50 57
50 58
50 59
50 60
50 61
50 62
50 63
50 64
50 65
50 66
50 67
50 68
50 71
50 72
50 74
50 75
50 76
50 77
50 78
50 79
50 80
50 81
50 83
50 85
50 87
50 88
50 90
50 92
50 94
50 95
50 96
50 97
50 99
51 0
51 1
51 3
51 4
51 6
51 7
51 8
51 9
51 12
51 13
51 14
51 16
51 17
51 18
51 20
51 21
51 22
51 23
51 24
51 25
51 27
51 28
51 30
51 31
51 32
51 36
51 37
51 38
51 42
51 44
51 45
51 46
51 47
51 50
51 52
51 53
51 56
51 59
51 60
51 62
51 63
51 66
51 68
51 70
51 71
51 72
51 73
51 74
51 75
51 78
51 79
51 81
51 82
51 83
51 85
51 86
51 87
51 88
51 90
51 93
51 94
51 95
51 97
51 99
52 1
52 2
52 3
52 4
52 5
52 6
52 10
52 12
52 14
52 20
52 21
52 24
52 25
52 26
52 29
52 32
52 34
52 37
52 39
52 40
52 43
52 46
52 47
52 49
52 50
52 51
52 56
52 57
52 59
52 61
52 62
52 65
52 66
52 68
52 70
52 75
52 76
52 78
52 79
52 81
52 82
52 83
52 84
52 86
52 87
52 93
52 95
52 96
52 97
52 98
52 99
53 0
53 2
53 3
53 4
53 6
53 7
53 8
53 10
53 12
53 14
53 15
53 16
53 17
53 18
53 19
53 21
53 22
53 24
53 26
53 30
53 31
53 34
53 35
53 39
53 40
53 41
53 43
53 46
53 51
53 54
53 56
53 57
53 58
53 59
53 61
53 63
53 66
53 67
53 68
53 69
53 71
53 74
53 75
53 81
53 82
53 86
53 95
53 96
53 97
54 2
54 7
54 9
54 10
54 16
54 17
54 20
54 22
54 23
54 24
54 25
54 26
54 29
54 32
54 33
54 34
54 35
54 36
54 37
54 38
54 39
54 42
54 43
54 46
54 49
54 50
54 53
54 57
54 62
54 63
54 64
54 67
54 69
54 72
54 73
54 74
54 75
54 76
54 78
54 80
54 81
54 83
54 84
54 85
54 86
54 88
54 89
54 90
54 91
54 92
54 93
54 94
54 96
54 97
54 98
54 99
55 2
55 3
55 4
55 5
55 6
55 9
55 11
55 12
55 13
55 17
55 19
55 22
55 24
55 26
55 31
55 32
55 36
55 37
55 38
55 40
55 42
55 43
55 44
55 45
55 47
55 49
55 50
55 58
55 59
55 63
55 64
55 65
55 66
55 68
55 71
55 72
55 73
55 74
55 75
55 77
55 82
55 83
55 84
55 87
55 89
55 90
55 92
55 93
55 94
55 95
55 97
55 98
56 0
56 2
56 3
56 6
56 7
56 9
56 10
56 12
56 13
56 16
56 18
56 19
56 20
56 21
56 22
56 23
56 24
56 26
56 32
56 33
56 34
56 39
56 40
56 41
56 42
56 43
56 44
56 45
56 46
56 47
56 49
56 50
56 51
56 52
56 53
56 58
56 59
56 60
56 61
56 63
56 64
56 65
56 66
56 68
56 71
56 73
56 74
56 76
56 77
56 78
56 80
56 82
56 83
56 85
56 87
56 88
56 89
56 90
56 91
56 95
56 96
56 97
56 98
57 1
57 4
57 5
57 7
57 9
57 10
57 11
57 12
57 14
57 15
57 16
57 17
57 19
57 20
57 22
57 23
57 25
57 27
57 29
57 31
57 32
57 35
57 36
57 38
57 39
57 44
57 45
57 46
57 47
57 48
57 49
57 50
57 52
57 53
57 54
57 59
57 62
57 64
57 70
57 71
57 72
57 75
57 76
57 77
57 78
57 79
57 80
57 83
57 84
57 87
57 91
57 92
57 93
57 97
57 99
58 0
58 1
58 3
58 4
58 7
58 9
58 10
58 13
58 14
58 15
58 16
58 18
58 21
58 24
58 25
58 26
58 28
58 30
58 34
58 36
58 38
58 39
58 41
58 43
58 44
58 50
58 53
58 55
58 56
58 59
58 62
58 63
58 65
58 66
58 67
58 68
58 69
58 70
58 75
58 76
58 78
58 79
58 80
58 82
58 83
58 84
58 85
58 87
58 88
58 89
58 91
58 96
58 97
58 99
59 0
59 1
59 2
59 3
59 4
59 5
59 6
59 7
59 9
59 10
59 12
59 13
59 14
59 15
59 16
59 18
59 19
59 20
59 21
59 22
59 23
59 24
59 27
59 28
59 30
59 31
59 32
59 34
59 35
59 36
59 37
59 38
59 41
59 42
59 43
59 44
59 47
59 48
59 49
59 50
59 51
59 52
59 53
59 55
59 56
59 57
59 58
59 60
59 61
59 63
59 64
59 65
59 68
59 69
59 70
59 71
59 73
59 74
59 76
59 78
59 79
59 80
59 81
59 82
59 83
59 84
59 86
59 88
59 89
59 90
59 93
60 1
60 2
60 6
60 7
60 10
60 11
60 12
60 13
60 14
60 15
60 16
60 18
60 21
60 22
60 23
60 24
60 25
60 26
60 31
60 32
60 34
60 35
60 36
60 37
60 38
60 42
60 43
60 46
60 48
60 49
60 50
60 51
60 56
60 59
60 61
60 62
60 63
60 64
60 65
60 67
60 68
60 70
60 71
60 74
60 75
60 76
60 77
60 79
60 80
60 81
60 83
60 84
60 85
60 86
60 87
60 89
60 90
60 91
60 93
60 94
60 95
60 96
60 99
61 0
61 1
61 2
61 3
61 5
61 7
61 10
61 12
61 15
61 16
61 17
61 20
61 21
61 23
61 24
61 25
61 27
61 28
61 29
61 30
61 31
61 34
61 36
61 37
61 38
61 39
61 40
61 41
61 43
61 46
61 47
61 48
61 50
61 52
61 53
61 56
61 59
61 60
61 62
61 63
61 64
61 66
61 68
61 70
61 71
61 72
61 73
61 75
61 76
61 78
61 80
61 81
61 86
61 87
61 89
61 90
61 92
61 95
61 97
61 98
62 2
62 3
62 4
62 5
62 6
62 7
62 9
62 10
62 11
62 12
62 13
62 14
62 15
62 16
62 18
62 19
62 20
62 24
62 29
62 30
62 35
62 39
62 40
62 41
62 42
62 44
62 46
62 47
62 48
62 49
62 50
62 51
62 52
62 54
62 57
62 58
62 60
62 61
62 64
62 66
62 67
62 68
62 70
62 72
62 74
62 75
62 76
62 79
62 80
62 81
62 82
62 86
62 88
62 90
62 91
62 93
62 94
62 95
62 96
62 97
62 99
63 1
63 2
63 3
63 4
63 6
63 8
63 11
63 12
63 13
63 15
63 16
63 19
63 20
63 21
63 22
63 23
63 27
63 28
63 29
63 30
63 33
63 35
63 36
63 37
63 40
63 43
63 44
63 45
63 46
63 48
63 50
63 51
63 53
63 54
63 55
63 56
63 58
63 59
63 60
63 61
63 64
63 66
63 67
63 69
63 71
63 73
63 74
63 77
63 80
63 82
63 83
63 84
63 85
63 88
63 89
63 90
63 91
63 92
63 93
63 97
63 99
64 4
64 5
64 6
64 7
64 8
64 9
64 12
64 13
64 14
64 16
64 17
64 18
64 19
64 20
64 21
64 22
64 23
64 26
64 28
64 30
64 33
64 35
64 37
64 39
64 40
64 41
64 44
64 46
64 47
64 48
64 50
64 54
64 55
64 56
64 57
64 59
64 60
64 61
64 62
64 63
64 65
64 66
64 67
64 68
64 72
64 74
64 75
64 77
64 78
64 80
64 81
64 82
64 83
64 84
64 86
64 87
64 88
64 89
64 90
64 92
64 93
64 94
64 95
64 96
64 97
64 99
65 1
65 2
65 3
65 4
65 5
65 6
65 8
65 9
65 10
65 12
65 13
65 14
65 17
65 19
65 20
65 21
65 22
65 27
65 28
65 29
65 31
65 32
65 33
65 34
65 35
65 36
65 38
65 40
65 43
65 45
65 46
65 48
65 49
65 50
65 52
65 55
65 56
65 58
65 59
65 60
65 64
65 66
65 67
65 70
65 71
65 73
65 76
65 77
65 78
65 79
65 82
65 83
65 84
65 86
65 88
65 89
65 92
65 93
65 94
65 96
65 98
66 0
66 1
66 2
66 3
66 4
66 6
66 8
66 9
66 10
66 11
66 15
66 17
66 20
66 23
66 25
66 26
66 28
66 31
66 33
66 34
66 36
66 37
66 41
66 42
66 44
66 45
66 50
66 51
66 52
66 53
66 55
66 56
66 58
66 61
66 62
66 63
66 64
66 65
66 69
66 70
66 73
66 74
66 75
66 77
66 78
66 80
66 81
66 82
66 84
66 85
66 86
66 89
66 90
66 91
66 94
66 95
66 96
66 99
67 4
67 5
67 6
67 7
67 8
67 9
67 12
67 13
67 17
67 18
67 20
67 21
67 23
67 24
67 25
67 26
67 28
67 29
67 31
67 32
67 33
67 34
67 35
67 36
67 42
67 43
67 45
67 46
67 47
67 48
67 50
67 53
67 54
67 58
67 60
67 62
67 63
67 64
67 65
67 69
67 70
67 72
67 77
67 79
67 84
67 85
67 89
67 92
67 93
68 3
68 4
68 6
68 7
68 8
68 9
68 11
68 16
68 17
68 23
68 24
68 25
68 28
68 30
68 31
68 32
68 33
68 34
68 35
68 37
68 39
68 40
68 42
68 43
68 44
68 45
68 46
68 47
68 49
68 50
68 51
68 52
68 53
68 55
68 56
68 58
68 59
68 60
68 61
68 62
68 64
68 69
68 71
68 72
68 73
68 75
68 77
68 78
68 79
68 80
68 82
68 84
68 86
68 87
68 88
68 89
68 90
68 91
68 92
68 93
68 94
68 96
68 97
68 98
69 0
69 4
69 6
69 7
69 8
69 11
69 12
69 14
69 15
69 16
69 18
69 19
69 20
69 21
69 23
69 24
69 26
69 27
69 28
69 30
69 31
69 32
69 33
69 34
69 36
69 39
69 41
69 42
69 45
69 46
69 47
69 53
69 54
69 58
69 59
69 63
69 66
69 67
69 68
69 70
69 72
69 73
69 75
69 78
69 80
69 82
69 83
69 85
69 86
69 87
69 88
69 90
69 91
69 92
69 93
69 96
69 98
69 99
70 0
70 2
70 3
70 5
70 7
70 8
70 10
70 12
70 14
70 15
70 21
70 22
70 23
70 26
70 28
70 32
70 33
70 35
70 36
70 40
70 45
70 47
70 48
70 49
70 51
70 52
70 57
70 58
70 59
70 60
70 61
70 62
70 65
70 66
70 67
70 69
70 72
70 73
70 74
70 75
70 77
70 82
70 83
70 85
70 86
70 87
70 88
70 90
70 91
70 92
70 93
70 95
70 96
70 99
71 0
71 1
71 4
71 6
71 7
71 10
71 11
71 12
71 18
71 21
71 22
71 24
71 25
71 28
71 30
71 32
71 33
71 34
71 35
71 38
71 40
71 43
71 45
71 47
71 48
71 49
71 50
71 51
71 53
71 55
71 56
71 57
71 59
71 60
71 61
71 63
71 65
71 68
71 75
71 77
71 78
71 79
71 81
71 86
71 87
71 88
71 89
71 90
71 91
71 93
71 94
71 95
71 97
71 98
71 99
72 0
72 2
72 3
72 4
72 5
72 7
72 8
72 9
72 14
72 15
72 16
72 18
72 24
72 25
72 27
72 28
72 29
72 31
72 32
72 39
72 41
72 43
72 44
72 45
72 46
72 47
72 49
72 50
72 51
72 54
72 55
72 57
72 61
72 62
72 64
72 67
72 68
72 69
72 70
72 73
72 74
72 75
72 77
72 79
72 80
72 81
72 82
72 83
72 84
72 85
72 86
72 87
72 90
72 95
72 96
72 99
73 1
73 2
73 3
73 4
73 5
73 6
73 7
73 8
73 11
73 12
73 16
73 19
73 20
73 23
73 24
73 26
73 29
73 32
73 33
73 34
73 37
73 39
73 41
73 42
73 43
73 46
73 51
73 54
73 55
73 56
73 59
73 61
73 63
73 65
73 66
73 68
73 69
73 70
73 72
73 76
73 77
73 78
73 79
73 81
73 83
73 84
73 85
73 87
73 88
73 89
73 92
73 93
73 94
73 98
73 99
74 0
74 1
74 2
74 4
74 6
74 7
74 8
74 9
74 11
74 12
74 13
74 15
74 16
74 18
74 19
74 21
74 25
74 26
74 27
74 29
74 30
74 33
74 34
74 36
74 38
74 39
74 40
74 42
74 44
74 49
74 50
74 51
74 53
74 54
74 55
74 56
74 59
74 60
74 62
74 63
74 64
74 66
74 70
74 72
74 75
74 76
74 77
74 79
74 82
74 84
74 85
74 89
74 92
74 93
74 95
74 96
74 98
74 99
75 0
75 1
75 3
75 6
75 7
75 9
75 10
75 13
75 15
75 18
75 19
75 21
75 22
75 23
75 24
75 25
75 28
75 29
75 30
75 31
75 33
75 34
75 36
75 37
75 38
75 39
75 42
75 44
75 46
75 49
75 50
75 51
75 52
75 53
75 54
75 55
75 57
75 58
75 60
75 61
75 62
75 64
75 66
75 68
75 69
75 70
75 71
75 72
75 74
75 77
75 78
75 81
75 82
75 83
75 86
75 89
75 91
75 94
75 95
75 96
75 97
75 98
75 99
76 1
76 6
76 8
76 9
76 10
76 12
76 13
76 16
76 19
76 20
76 23
76 24
76 26
76 27
76 28
76 29
76 34
76 35
76 36
76 37
76 38
76 39
76 40
76 42
76 44
76 45
76 46
76 47
76 48
76 50
76 52
76 54
76 56
76 57
76 58
76 59
76 60
76 61
76 62
76 65
76 73
76 74
76 78
76 81
76 82
76 83
76 84
76 85
76 86
76 92
76 93
76 96
76 97
76 99
77 0
77 1
77 4
77 7
77 8
77 9
77 10
77 11
77 12
77 14
77 16
77 18
77 19
77 20
77 21
77 26
77 27
77 28
77 29
77 31
77 32
77 34
77 35
77 38
77 39
77 40
77 41
77 42
77 43
77 44
77 45
77 46
77 47
77 48
77 49
77 50
77 55
77 56
77 57
77 60
77 63
77 64
77 65
77 66
77 67
77 68
77 70
77 71
77 72
77 73
77 74
77 75
77 78
77 79
77 81
77 83
77 84
77 86
77 90
77 93
77 97
77 99
78 0
78 1
78 3
78 5
78 7
78 9
78 12
78 13
78 17
78 18
78 21
78 22
78 23
78 27
78 28
78 29
78 30
78 32
78 34
78 35
78 36
78 40
78 47
78 48
78 49
78 50
78 51
78 52
78 54
78 56
78 57
78 58
78 59
78 61
78 64
78 65
78 66
78 68
78 69
78 71
78 73
78 75
78 76
78 77
78 80
78 81
78 82
78 83
78 84
78 86
78 88
78 89
78 90
78 91
78 92
78 94
78 95
78 96
78 98
79 0
79 2
79 6
79 8
79 9
79 10
79 12
79 15
79 16
79 17
79 19
79 21
79 25
79 26
79 28
79 30
79 31
79 34
79 35
79 36
79 37
79 38
79 40
79 41
79 42
79 43
79 45
79 47
79 48
79 49
79 50
79 51
79 52
79 57
79 58
79 59
79 60
79 62
79 65
79 67
79 68
79 71
79 72
79 73
79 74
79 77
79 80
79 81
79 83
79 84
79 85
79 87
79 88
79 90
79 92
79 94
79 95
79 98
79 99
80 3
80 4
80 5
80 7
80 9
80 10
80 11
80 12
80 17
80 18
80 23
80 25
80 26
80 27
80 28
80 32
80 33
80 34
80 35
80 38
80 39
80 41
80 42
80 43
80 44
80 45
80 49
80 50
80 54
80 56
80 57
80 58
80 59
80 60
80 61
80 62
80 63
80 64
80 66
80 68
80 69
80 72
80 78
80 79
80 81
80 83
80 85
80 86
80 88
80 89
80 94
80 96
80 99
81 0
81 1
81 3
81 5
81 8
81 10
81 11
81 12
81 14
81 15
81 17
81 19
81 20
81 25
81 26
81 27
81 28
81 29
81 30
81 32
81 33
81 35
81 40
81 42
81 43
81 44
81 45
81 46
81 47
81 50
81 51
81 52
81 53
81 54
81 59
81 60
81 61
81 62
81 64
81 66
81 71
81 72
81 73
81 75
81 76
81 77
81 78
81 79
81 80
81 82
81 83
81 84
81 85
81 86
81 87
81 91
81 92
81 93
81 94
81 99
82 0
82 1
82 2
82 3
82 6
82 8
82 9
82 11
82 13
82 15
82 17
82 20
82 22
82 24
82 25
82 26
82 28
82 29
82 30
82 31
82 34
82 35
82 36
82 37
82 39
82 40
82 41
82 43
82 48
82 51
82 52
82 53
82 55
82 56
82 58
82 59
82 62
82 63
82 64
82 65
82 66
82 68
82 69
82 70
82 72
82 74
82 75
82 76
82 78
82 81
82 84
82 85
82 86
82 88
82 89
82 90
82 91
82 92
82 95
82 96
82 98
82 99
83 0
83 1
83 2
83 3
83 5
83 6
83 7
83 8
83 10
83 11
83 13
83 14
83 17
83 18
83 20
83 21
83 22
83 24
83 28
83 29
83 30
83 31
83 36
83 39
83 40
83 42
83 43
83 46
83 50
83 51
83 52
83 54
83 55
83 56
83 57
83 58
83 59
83 60
83 63
83 64
83 65
83 69
83 70
83 72
83 73
83 75
83 76
83 77
83 78
83 79
83 80
83 81
83 85
83 86
83 89
83 90
83 92
83 95
83 96
83 97
83 98
83 99
84 2
84 3
84 5
84 6
84 7
84 8
84 9
84 11
84 12
84 14
84 15
84 17
84 18
84 20
84 22
84 24
84 25
84 26
84 28
84 29
84 30
84 35
84 36
84 38
84 39
84 41
84 42
84 45
84 46
84 47
84 49
84 52
84 54
84 55
84 57
84 58
84 59
84 60
84 63
84 64
84 65
84 66
84 67
84 68
84 72
84 73
84 74
84 76
84 77
84 78
84 79
84 81
84 82
84 86
84 88
84 89
84 91
84 92
84 93
84 94
84 96
84 97
85 0
85 5
85 6
85 8
85 10
85 11
85 13
85 14
85 16
85 17
85 18
85 19
85 22
85 23
85 25
85 27
85 30
85 34
85 35
85 36
85 37
85 39
85 40
85 42
85 43
85 44
85 45
85 46
85 50
85 51
85 54
85 56
85 58
85 60
85 63
85 66
85 67
85 69
85 70
85 72
85 73
85 74
85 76
85 79
85 80
85 81
85 82
85 83
85 86
85 89
85 90
85 91
85 93
85 94
85 95
85 97
86 0
86 1
86 2
86 3
86 4
86 5
86 7
86 8
86 9
86 11
86 12
86 13
86 15
86 16
86 19
86 20
86 21
86 22
86 27
86 30
86 31
86 33
86 34
86 36
86 37
86 38
86 40
86 41
86 45
86 47
86 49
86 51
86 52
86 53
86 54
86 59
86 60
86 61
86 62
86 64
86 65
86 66
86 68
86 69
86 70
86 71
86 72
86 75
86 76
86 77
86 78
86 80
86 81
86 82
86 83
86 84
86 85
86 87
86 88
86 89
86 90
86 91
86 92
86 93
86 94
86 97
86 98
86 99
87 0
87 3
87 5
87 6
87 9
87 10
87 13
87 15
87 16
87 18
87 19
87 20
87 21
87 22
87 26
87 28
87 29
87 30
87 32
87 33
87 34
87 37
87 38
87 39
87 41
87 42
87 43
87 44
87 45
87 46
87 47
87 48
87 50
87 51
87 52
87 55
87 56
87 57
87 58
87 60
87 61
87 64
87 68
87 69
87 70
87 71
87 72
87 73
87 79
87 81
87 86
87 88
87 89
87 90
87 92
87 93
87 94
87 95
87 97
87 98
87 99
88 0
88 1
88 2
88 3
88 6
88 8
88 9
88 10
88 11
88 12
88 13
88 17
88 20
88 23
88 25
88 27
88 28
88 30
88 31
88 32
88 33
88 34
88 35
88 36
88 37
88 38
88 40
88 42
88 43
88 46
88 49
88 50
88 51
88 54
88 56
88 58
88 59
88 62
88 63
88 64
88 65
88 68
88 69
88 70
88 71
88 73
88 78
88 79
88 80
88 82
88 84
88 86
88 87
88 89
88 90
88 91
88 92
88 93
88 96
88 97
88 99
89 1
89 5
89 6
89 8
89 10
89 12
89 14
89 17
89 18
89 19
89 20
89 23
89 25
89 26
89 27
89 28
89 35
89 36
89 38
89 41
89 42
89 43
89 44
89 46
89 47
89 48
89 49
89 54
89 55
89 56
89 58
89 59
89 60
89 61
89 63
89 64
89 65
89 66
89 67
89 68
89 71
89 73
89 74
89 75
89 78
89 80
89 82
89 83
89 84
89 85
89 86
89 87
89 88
89 90
89 92
89 93
89 96
89 97
89 98
89 99
90 0
90 2
90 4
90 5
90 7
90 8
90 9
90 10
90 11
90 12
90 13
90 15
90 16
90 19
90 22
90 23
90 25
90 27
90 28
90 30
90 36
90 37
90 38
90 39
90 40
90 41
90 44
90 45
90 46
90 47
90 50
90 51
90 54
90 55
90 56
90 59
90 60
90 61
90 62
90 63
90 64
90 66
90 68
90 69
90 70
90 71
90 72
90 77
90 78
90 79
90 82
90 83
90 85
90 86
90 87
90 88
90 89
90 91
90 94
90 97
90 98
91 1
91 2
91 4
91 5
91 6
91 7
91 8
91 10
91 11
91 15
91 16
91 18
91 22
91 23
91 25
91 32
91 34
91 35
91 37
91 38
91 40
91 41
91 44
91 47
91 48
91 49
91 54
91 56
91 57
91 58
91 60
91 62
91 63
91 66
91 68
91 69
91 70
91 71
91 75
91 78
91 81
91 82
91 84
91 85
91 86
91 88
91 90
91 94
91 97
92 1
92 2
92 4
92 5
92 6
92 10
92 11
92 12
92 15
92 17
92 18
92 19
92 20
92 21
92 23
92 26
92 28
92 31
92 33
92 36
92 37
92 40
92 41
92 42
92 44
92 48
92 50
92 54
92 55
92 57
92 61
92 63
92 64
92 65
92 67
92 68
92 69
92 70
92 73
92 74
92 76
92 78
92 79
92 81
92 82
92 83
92 84
92 86
92 87
92 88
92 89
92 93
92 94
92 96
92 97
92 98
93 0
93 3
93 4
93 5
93 9
93 11
93 13
93 15
93 16
93 19
93 20
93 22
93 23
93 24
93 25
93 29
93 30
93 31
93 33
93 37
93 38
93 39
93 40
93 41
93 44
93 46
93 48
93 49
93 51
93 52
93 54
93 55
93 57
93 59
93 60
93 62
93 63
93 64
93 65
93 67
93 68
93 69
93 70
93 71
93 73
93 74
93 76
93 77
93 81
93 84
93 85
93 86
93 87
93 88
93 89
93 92
93 95
93 97
93 99
94 1
94 2
94 3
94 4
94 5
94 6
94 7
94 8
94 10
94 11
94 12
94 13
94 14
94 15
94 17
94 18
94 19
94 20
94 21
94 25
94 26
94 28
94 29
94 30
94 31
94 32
94 33
94 34
94 35
94 36
94 37
94 38
94 39
94 41
94 42
94 45
94 46
94 47
94 49
94 50
94 51
94 54
94 55
94 60
94 62
94 64
94 65
94 66
94 68
94 71
94 73
94 75
94 78
94 79
94 80
94 81
94 84
94 85
94 86
94 87
94 90
94 91
94 92
94 95
94 96
94 97
94 99
95 0
95 1
95 2
95 3
95 5
95 7
95 8
95 9
95 11
95 12
95 13
95 14
95 15
95 18
95 19
95 20
95 21
95 23
95 24
95 26
95 27
95 28
95 29
95 30
95 31
95 35
95 37
95 41
95 43
95 45
95 46
95 47
95 48
95 49
95 50
95 51
95 52
95 53
95 55
95 56
95 60
95 61
95 62
95 64
95 66
95 70
95 71
95 72
95 74
95 75
95 78
95 79
95 82
95 83
95 85
95 87
95 93
95 94
95 96
95 98
95 99
96 0
96 3
96 4
96 5
96 6
96 8
96 10
96 12
96 14
96 16
96 17
96 18
96 21
96 22
96 23
96 25
96 27
96 28
96 30
96 31
96 32
96 33
96 35
96 38
96 41
96 43
96 44
96 45
96 46
96 50
96 52
96 53
96 54
96 56
96 58
96 60
96 62
96 64
96 65
96 66
96 68
96 69
96 70
96 72
96 74
96 75
96 76
96 78
96 80
96 82
96 83
96 84
96 88
96 89
96 92
96 94
96 95
96 97
96 98
97 1
97 3
97 4
97 5
97 8
97 9
97 10
97 13
97 14
97 15
97 17
97 18
97 21
97 23
97 24
97 25
97 28
97 29
97 30
97 31
97 35
97 37
97 38
97 40
97 41
97 42
97 43
97 45
97 48
97 50
97 51
97 52
97 53
97 54
97 55
97 56
97 57
97 58
97 61
97 62
97 63
97 64
97 68
97 71
97 75
97 76
97 77
97 83
97 84
97 85
97 86
97 87
97 88
97 89
97 90
97 91
97 92
97 93
97 94
97 96
97 98
97 99
98 1
98 2
98 4
98 5
98 7
98 8
98 9
98 10
98 11
98 13
98 14
98 15
98 16
98 17
98 18
98 22
98 23
98 25
98 27
98 28
98 29
98 30
98 33
98 34
98 35
98 36
98 37
98 38
98 39
98 40
98 41
98 43
98 45
98 47
98 48
98 49
98 52
98 54
98 55
98 56
98 61
98 65
98 68
98 69
98 71
98 73
98 74
98 75
98 78
98 79
98 82
98 83
98 86
98 87
98 89
98 90
98 92
98 95
98 96
98 97
98 99
99 2
99 3
99 9
99 11
99 13
99 14
99 16
99 17
99 18
99 19
99 23
99 25
99 26
99 28
99 29
99 31
99 32
99 33
99 35
99 36
99 37
99 39
99 41
99 43
99 48
99 49
99 50
99 51
99 52
99 54
99 57
99 58
99 60
99 62
99 63
99 64
99 66
99 69
99 70
99 71
99 72
99 73
99 74
99 75
99 76
99 77
99 79
99 80
99 81
99 82
99 83
99 86
99 87
99 88
99 89
99 93
99 94
99 95
99 97
99 98
end
