33
1 : 30 72 ; 
2 : 8 70 ; 2 16 ; 
3 : 19 97 ; 40 89 ; 3 19 ; 
4 : 1 9 ; 38 23 ; 17 23 ; 36 19 ; 
5 : 4 87 ; 32 53 ; 33 75 ; 2 80 ; 46 76 ; 
6 : 7 98 ; 38 67 ; 25 17 ; 37 24 ; 23 86 ; 24 45 ; 
7 : 31 58 ; 8 66 ; 40 89 ; 43 27 ; 5 88 ; 20 60 ; 18 87 ; 
8 : 36 98 ; 13 43 ; 37 32 ; 36 75 ; 16 32 ; 12 18 ; 46 72 ; 41 99 ; 
9 : 48 51 ; 20 35 ; 8 66 ; 38 36 ; 10 27 ; 31 36 ; 23 62 ; 22 11 ; 31 17 ; 
10 : 21 19 ; 36 78 ; 18 42 ; 10 41 ; 12 9 ; 16 45 ; 41 41 ; 46 93 ; 8 63 ; 38 88 ; 
11 : 3 34 ; 30 90 ; 49 26 ; 27 43 ; 28 29 ; 15 57 ; 3 3 ; 8 12 ; 43 21 ; 15 55 ; 27 86 ; 
12 : 15 61 ; 33 24 ; 11 42 ; 35 20 ; 49 48 ; 33 58 ; 20 71 ; 43 86 ; 29 87 ; 33 63 ; 28 32 ; 9 45 ; 
13 : 28 65 ; 33 45 ; 14 20 ; 7 7 ; 41 72 ; 42 70 ; 48 49 ; 21 35 ; 17 93 ; 20 97 ; 16 8 ; 41 2 ; 8 17 ; 
14 : 27 38 ; 4 37 ; 32 63 ; 13 4 ; 34 56 ; 26 63 ; 11 84 ; 38 65 ; 47 14 ; 1 53 ; 12 4 ; 48 6 ; 41 50 ; 44 20 ; 
15 : 43 18 ; 43 85 ; 25 91 ; 21 52 ; 27 26 ; 16 28 ; 46 6 ; 21 1 ; 5 94 ; 30 61 ; 28 94 ; 12 77 ; 32 75 ; 21 5 ; 45 20 ; 
16 : 6 14 ; 21 38 ; 3 79 ; 48 69 ; 34 43 ; 45 65 ; 21 70 ; 11 55 ; 18 30 ; 16 72 ; 34 17 ; 4 64 ; 23 28 ; 32 62 ; 30 41 ; 40 24 ; 
17 : 49 79 ; 42 25 ; 4 24 ; 6 26 ; 23 57 ; 8 73 ; 33 3 ; 31 75 ; 11 34 ; 3 9 ; 34 20 ; 36 81 ; 39 95 ; 19 35 ; 38 1 ; 28 86 ; 27 92 ; 
18 : 47 5 ; 47 74 ; 22 27 ; 31 29 ; 45 99 ; 39 27 ; 18 45 ; 41 79 ; 11 57 ; 9 96 ; 40 18 ; 39 56 ; 21 24 ; 39 5 ; 10 42 ; 10 14 ; 48 57 ; 4 23 ; 
19 : 49 49 ; 10 76 ; 11 55 ; 3 80 ; 17 54 ; 15 17 ; 31 31 ; 18 6 ; 31 50 ; 40 70 ; 41 19 ; 9 8 ; 19 35 ; 36 84 ; 26 25 ; 34 96 ; 43 72 ; 1 99 ; 4 8 ; 
20 : 22 36 ; 20 99 ; 1 82 ; 36 98 ; 27 39 ; 39 68 ; 30 82 ; 25 67 ; 40 98 ; 39 17 ; 16 32 ; 35 9 ; 7 55 ; 11 90 ; 32 87 ; 6 85 ; 35 99 ; 29 90 ; 25 96 ; 49 95 ; 
21 : 8 26 ; 38 68 ; 26 20 ; 41 78 ; 8 2 ; 18 52 ; 22 70 ; 2 70 ; 33 91 ; 2 6 ; 8 10 ; 47 78 ; 3 13 ; 26 43 ; 32 64 ; 26 8 ; 37 27 ; 41 59 ; 6 95 ; 31 20 ; 4 74 ; 
22 : 21 11 ; 28 95 ; 9 28 ; 44 38 ; 16 31 ; 14 21 ; 5 31 ; 49 49 ; 22 85 ; 48 73 ; 3 86 ; 10 39 ; 23 56 ; 7 9 ; 17 18 ; 26 10 ; 28 75 ; 5 89 ; 15 61 ; 1 54 ; 20 87 ; 31 62 ; 
23 : 11 52 ; 34 20 ; 2 51 ; 18 97 ; 17 42 ; 14 92 ; 27 85 ; 9 41 ; 45 59 ; 6 33 ; 32 36 ; 26 16 ; 33 11 ; 31 41 ; 33 4 ; 21 57 ; 23 7 ; 19 68 ; 6 88 ; 15 95 ; 37 39 ; 20 53 ; 23 80 ; 
24 : 35 57 ; 22 89 ; 38 7 ; 32 92 ; 11 24 ; 39 72 ; 9 30 ; 38 21 ; 35 14 ; 20 21 ; 38 72 ; 27 49 ; 31 7 ; 31 10 ; 4 19 ; 23 88 ; 1 9 ; 10 15 ; 16 25 ; 17 55 ; 44 51 ; 39 4 ; 11 87 ; 11 87 ; 
25 : 48 25 ; 25 77 ; 3 45 ; 25 98 ; 19 59 ; 34 38 ; 46 24 ; 26 60 ; 41 31 ; 17 97 ; 34 20 ; 12 42 ; 46 13 ; 14 22 ; 10 15 ; 16 63 ; 13 68 ; 10 24 ; 18 33 ; 46 10 ; 5 63 ; 7 72 ; 22 37 ; 24 62 ; 35 41 ; 
26 : 2 62 ; 35 54 ; 12 80 ; 14 15 ; 15 4 ; 33 45 ; 32 16 ; 14 4 ; 4 59 ; 35 19 ; 28 66 ; 39 14 ; 4 17 ; 49 60 ; 47 65 ; 30 45 ; 17 92 ; 39 25 ; 37 9 ; 14 41 ; 49 84 ; 15 51 ; 5 21 ; 16 79 ; 44 51 ; 9 17 ; 
27 : 13 59 ; 24 91 ; 14 37 ; 27 31 ; 20 51 ; 38 30 ; 37 31 ; 24 68 ; 13 73 ; 18 65 ; 39 57 ; 44 36 ; 44 67 ; 40 23 ; 31 18 ; 24 78 ; 32 91 ; 47 58 ; 37 58 ; 35 20 ; 26 12 ; 45 68 ; 10 78 ; 45 50 ; 25 31 ; 44 43 ; 37 78 ; 
28 : 40 37 ; 39 49 ; 13 51 ; 21 44 ; 13 86 ; 31 73 ; 45 63 ; 6 65 ; 46 33 ; 30 49 ; 38 18 ; 48 97 ; 5 71 ; 43 47 ; 49 16 ; 28 62 ; 42 28 ; 30 74 ; 41 63 ; 16 68 ; 32 61 ; 24 24 ; 43 40 ; 23 98 ; 3 10 ; 13 71 ; 27 18 ; 9 10 ; 
29 : 24 70 ; 24 96 ; 3 7 ; 34 79 ; 45 16 ; 10 55 ; 28 41 ; 16 92 ; 38 56 ; 35 74 ; 17 5 ; 2 63 ; 37 26 ; 30 98 ; 10 96 ; 37 92 ; 38 15 ; 1 64 ; 43 26 ; 35 63 ; 24 42 ; 1 17 ; 29 52 ; 5 76 ; 3 58 ; 46 63 ; 3 58 ; 1 22 ; 42 87 ; 
30 : 32 59 ; 21 61 ; 27 86 ; 32 12 ; 23 43 ; 19 66 ; 33 5 ; 35 84 ; 25 93 ; 18 50 ; 1 37 ; 2 90 ; 38 39 ; 9 85 ; 40 92 ; 15 41 ; 28 92 ; 7 7 ; 45 91 ; 39 98 ; 7 36 ; 30 6 ; 25 57 ; 2 50 ; 49 28 ; 5 71 ; 17 55 ; 34 8 ; 47 58 ; 36 59 ; 
31 : 46 60 ; 44 61 ; 49 47 ; 3 14 ; 17 64 ; 15 51 ; 20 56 ; 45 8 ; 42 31 ; 31 84 ; 26 71 ; 47 35 ; 16 69 ; 25 3 ; 24 91 ; 20 31 ; 42 62 ; 14 63 ; 2 77 ; 41 43 ; 49 24 ; 12 74 ; 21 25 ; 7 18 ; 14 93 ; 8 68 ; 26 85 ; 41 47 ; 15 74 ; 21 98 ; 21 12 ; 
32 : 19 43 ; 13 99 ; 37 89 ; 17 50 ; 7 43 ; 26 45 ; 7 15 ; 44 75 ; 3 66 ; 3 76 ; 24 15 ; 47 44 ; 9 98 ; 19 28 ; 24 56 ; 31 6 ; 42 15 ; 11 31 ; 35 23 ; 31 44 ; 6 45 ; 22 65 ; 22 45 ; 5 45 ; 26 70 ; 17 66 ; 5 70 ; 26 24 ; 42 62 ; 27 45 ; 3 70 ; 40 70 ; 
33 : 14 56 ; 37 72 ; 33 78 ; 22 40 ; 46 66 ; 34 81 ; 38 78 ; 5 86 ; 4 29 ; 37 12 ; 13 19 ; 4 17 ; 39 96 ; 13 4 ; 7 67 ; 44 9 ; 27 59 ; 14 6 ; 13 5 ; 43 37 ; 11 6 ; 47 46 ; 15 60 ; 28 56 ; 13 26 ; 2 23 ; 23 75 ; 34 23 ; 29 44 ; 18 36 ; 32 10 ; 35 36 ; 30 98 ; 
