0 2
0 3
0 5
0 10
0 11
0 13
0 14
0 17
0 19
0 21
0 22
0 23
0 24
0 26
0 28
0 35
0 37
0 38
0 39
0 40
0 42
0 43
0 45
0 47
0 49
0 51
0 53
0 54
0 55
0 57
0 58
0 59
0 60
0 64
0 66
0 68
0 69
1 7
1 9
1 12
1 13
1 14
1 16
1 19
1 20
1 21
1 22
1 23
1 24
1 25
1 27
1 31
1 32
1 33
1 34
1 36
1 39
1 41
1 42
1 44
1 45
1 46
1 47
1 48
1 50
1 52
1 55
1 56
1 58
1 59
1 61
1 62
1 63
1 64
1 65
1 66
1 67
2 0
2 3
2 5
2 6
2 9
2 11
2 12
2 13
2 15
2 16
2 17
2 18
2 19
2 20
2 21
2 25
2 27
2 28
2 29
2 31
2 32
2 34
2 36
2 40
2 41
2 42
2 45
2 47
2 48
2 52
2 55
2 56
2 59
2 60
2 63
2 66
2 68
2 69
3 0
3 2
3 4
3 5
3 8
3 9
3 10
3 13
3 14
3 15
3 16
3 17
3 18
3 19
3 20
3 23
3 24
3 25
3 29
3 30
3 31
3 33
3 36
3 38
3 39
3 40
3 43
3 45
3 48
3 50
3 52
3 54
3 58
3 59
3 62
3 64
3 67
3 69
4 3
4 6
4 8
4 9
4 15
4 17
4 18
4 20
4 21
4 22
4 27
4 29
4 30
4 31
4 32
4 33
4 35
4 36
4 37
4 40
4 41
4 43
4 45
4 46
4 47
4 49
4 50
4 51
4 52
4 53
4 54
4 56
4 61
4 62
4 65
5 0
5 2
5 3
5 9
5 10
5 11
5 12
5 13
5 15
5 17
5 18
5 19
5 22
5 24
5 25
5 26
5 27
5 28
5 29
5 31
5 32
5 33
5 34
5 35
5 36
5 37
5 38
5 39
5 40
5 42
5 43
5 45
5 46
5 47
5 48
5 49
5 51
5 53
5 56
5 61
5 62
5 63
5 65
5 68
5 69
6 2
6 4
6 7
6 10
6 11
6 12
6 14
6 16
6 17
6 19
6 20
6 21
6 25
6 27
6 28
6 30
6 31
6 33
6 35
6 37
6 38
6 40
6 41
6 44
6 46
6 48
6 50
6 51
6 53
6 55
6 56
6 57
6 58
6 59
6 60
6 63
6 66
6 67
6 68
7 1
7 6
7 8
7 12
7 13
7 14
7 15
7 16
7 17
7 19
7 20
7 21
7 24
7 26
7 27
7 28
7 29
7 32
7 35
7 36
7 37
7 39
7 42
7 43
7 44
7 45
7 47
7 48
7 50
7 51
7 56
7 58
7 63
7 64
7 65
7 69
8 3
8 4
8 7
8 10
8 11
8 12
8 13
8 17
8 18
8 19
8 20
8 26
8 28
8 30
8 32
8 33
8 34
8 35
8 36
8 39
8 40
8 42
8 44
8 45
8 48
8 49
8 50
8 51
8 52
8 53
8 54
8 55
8 56
8 59
8 60
8 61
8 62
8 63
8 66
8 67
9 1
9 2
9 3
9 4
9 5
9 11
9 13
9 15
9 17
9 18
9 19
9 20
9 21
9 22
9 24
9 25
9 26
9 28
9 29
9 30
9 32
9 33
9 34
9 35
9 36
9 39
9 40
9 41
9 44
9 46
9 47
9 48
9 49
9 50
9 51
9 53
9 54
9 56
9 58
9 59
9 60
9 61
9 62
9 63
9 65
9 67
9 68
9 69
10 0
10 3
10 5
10 6
10 8
10 11
10 14
10 16
10 17
10 18
10 19
10 20
10 21
10 25
10 27
10 28
10 29
10 31
10 35
10 36
10 40
10 43
10 46
10 47
10 48
10 50
10 51
10 52
10 53
10 54
10 55
10 56
10 60
10 64
10 65
10 67
10 68
11 0
11 2
11 5
11 6
11 8
11 9
11 10
11 12
11 13
11 15
11 16
11 17
11 19
11 21
11 26
11 27
11 30
11 32
11 36
11 37
11 39
11 40
11 42
11 43
11 44
11 45
11 49
11 50
11 52
11 55
11 56
11 57
11 61
11 62
11 65
11 66
11 68
11 69
12 1
12 2
12 5
12 6
12 7
12 8
12 11
12 13
12 15
12 17
12 19
12 20
12 21
12 22
12 23
12 27
12 30
12 32
12 33
12 34
12 36
12 37
12 38
12 40
12 41
12 42
12 44
12 47
12 54
12 56
12 57
12 58
12 59
12 61
12 62
12 63
12 69
13 0
13 1
13 2
13 3
13 5
13 7
13 8
13 9
13 11
13 12
13 14
13 16
13 18
13 19
13 20
13 22
13 24
13 26
13 28
13 30
13 32
13 34
13 37
13 39
13 40
13 42
13 43
13 45
13 46
13 49
13 51
13 53
13 58
13 59
13 60
13 61
13 63
13 64
13 65
13 66
13 68
13 69
14 0
14 1
14 3
14 6
14 7
14 10
14 13
14 15
14 18
14 19
14 21
14 24
14 25
14 26
14 27
14 30
14 33
14 34
14 35
14 36
14 37
14 38
14 39
14 41
14 43
14 44
14 45
14 46
14 49
14 50
14 52
14 53
14 54
14 56
14 57
14 59
14 60
14 62
14 63
14 64
14 65
14 66
14 68
14 69
15 2
15 3
15 4
15 5
15 7
15 9
15 11
15 12
15 14
15 16
15 19
15 20
15 22
15 24
15 25
15 26
15 27
15 28
15 29
15 30
15 31
15 32
15 33
15 36
15 38
15 39
15 40
15 41
15 42
15 44
15 47
15 48
15 49
15 50
15 51
15 52
15 53
15 54
15 56
15 59
15 60
15 61
15 62
15 63
15 65
15 66
15 67
15 68
15 69
16 1
16 2
16 3
16 6
16 7
16 10
16 11
16 13
16 15
16 18
16 20
16 21
16 23
16 24
16 26
16 27
16 28
16 29
16 30
16 33
16 37
16 38
16 39
16 40
16 43
16 44
16 46
16 47
16 48
16 51
16 52
16 58
16 60
16 61
16 62
16 63
16 65
16 67
16 68
16 69
17 0
17 2
17 3
17 4
17 5
17 6
17 7
17 8
17 9
17 10
17 11
17 12
17 18
17 19
17 21
17 22
17 23
17 25
17 26
17 28
17 29
17 30
17 31
17 33
17 35
17 37
17 38
17 39
17 42
17 43
17 46
17 47
17 52
17 53
17 54
17 56
17 57
17 58
17 59
17 60
17 61
17 62
17 63
17 64
17 65
17 66
17 68
17 69
18 2
18 3
18 4
18 5
18 8
18 9
18 10
18 13
18 14
18 16
18 17
18 19
18 20
18 22
18 24
18 26
18 28
18 29
18 30
18 31
18 32
18 34
18 35
18 37
18 40
18 44
18 45
18 46
18 47
18 48
18 49
18 51
18 53
18 54
18 55
18 56
18 62
18 63
18 68
19 0
19 1
19 2
19 3
19 5
19 6
19 7
19 8
19 9
19 10
19 11
19 12
19 13
19 14
19 15
19 17
19 18
19 20
19 21
19 22
19 25
19 26
19 27
19 29
19 31
19 33
19 35
19 36
19 37
19 39
19 40
19 41
19 42
19 43
19 44
19 46
19 47
19 49
19 53
19 54
19 55
19 57
19 59
19 63
19 65
19 67
19 69
20 1
20 2
20 3
20 4
20 6
20 7
20 8
20 9
20 10
20 12
20 13
20 15
20 16
20 18
20 19
20 23
20 24
20 25
20 27
20 29
20 30
20 31
20 32
20 33
20 34
20 38
20 42
20 44
20 45
20 46
20 48
20 49
20 50
20 51
20 53
20 54
20 55
20 57
20 58
20 59
20 62
20 64
20 65
20 67
20 68
20 69
21 0
21 1
21 2
21 4
21 6
21 7
21 9
21 10
21 11
21 12
21 14
21 16
21 17
21 19
21 22
21 24
21 28
21 30
21 31
21 32
21 36
21 37
21 38
21 40
21 41
21 42
21 43
21 44
21 45
21 46
21 47
21 48
21 49
21 51
21 53
21 55
21 57
21 58
21 60
21 62
21 65
21 68
21 69
22 0
22 1
22 4
22 5
22 9
22 12
22 13
22 15
22 17
22 18
22 19
22 21
22 25
22 26
22 28
22 32
22 33
22 36
22 37
22 38
22 39
22 40
22 41
22 42
22 43
22 44
22 45
22 47
22 48
22 49
22 50
22 52
22 53
22 54
22 56
22 57
22 58
22 60
22 61
22 63
22 64
22 66
22 67
23 0
23 1
23 3
23 12
23 16
23 17
23 20
23 24
23 26
23 27
23 28
23 29
23 30
23 32
23 33
23 35
23 36
23 38
23 41
23 44
23 47
23 48
23 49
23 53
23 54
23 55
23 61
23 62
23 63
23 69
24 0
24 1
24 3
24 5
24 7
24 9
24 13
24 14
24 15
24 16
24 18
24 20
24 21
24 23
24 25
24 27
24 29
24 31
24 32
24 34
24 37
24 38
24 41
24 42
24 43
24 47
24 48
24 50
24 51
24 52
24 53
24 55
24 59
24 64
24 65
24 66
24 67
24 68
25 1
25 2
25 3
25 5
25 6
25 9
25 10
25 14
25 15
25 17
25 19
25 20
25 22
25 24
25 26
25 27
25 28
25 31
25 32
25 33
25 36
25 37
25 38
25 39
25 40
25 43
25 45
25 46
25 48
25 53
25 54
25 55
25 56
25 57
25 58
25 60
25 61
25 62
25 66
25 67
25 68
25 69
26 0
26 5
26 7
26 8
26 9
26 11
26 13
26 14
26 15
26 16
26 17
26 18
26 19
26 22
26 23
26 25
26 27
26 28
26 30
26 32
26 33
26 34
26 36
26 37
26 39
26 40
26 41
26 42
26 43
26 45
26 47
26 51
26 52
26 53
26 56
26 58
26 60
26 61
26 62
26 63
26 64
26 65
26 66
26 68
26 69
27 1
27 2
27 4
27 5
27 6
27 7
27 10
27 11
27 12
27 14
27 15
27 16
27 19
27 20
27 23
27 24
27 25
27 26
27 28
27 29
27 30
27 31
27 34
27 37
27 38
27 39
27 40
27 42
27 44
27 49
27 50
27 53
27 54
27 56
27 58
27 61
27 62
27 64
27 65
27 66
27 67
27 68
27 69
28 0
28 2
28 5
28 6
28 7
28 8
28 9
28 10
28 13
28 15
28 16
28 17
28 18
28 21
28 22
28 23
28 25
28 26
28 27
28 30
28 31
28 32
28 33
28 38
28 39
28 40
28 43
28 44
28 49
28 50
28 52
28 54
28 57
28 59
28 60
28 63
28 65
28 66
28 67
28 69
29 2
29 3
29 4
29 5
29 7
29 9
29 10
29 15
29 16
29 17
29 18
29 19
29 20
29 23
29 24
29 27
29 31
29 33
29 34
29 35
29 36
29 38
29 39
29 42
29 45
29 47
29 48
29 49
29 50
29 52
29 53
29 54
29 55
29 56
29 57
29 59
29 62
29 63
29 64
29 65
29 66
29 69
30 3
30 4
30 6
30 8
30 9
30 11
30 12
30 13
30 14
30 15
30 16
30 17
30 18
30 20
30 21
30 23
30 26
30 27
30 28
30 32
30 33
30 35
30 37
30 41
30 43
30 49
30 50
30 51
30 52
30 53
30 55
30 56
30 57
30 58
30 59
30 60
30 61
30 62
30 63
30 67
30 68
31 1
31 2
31 3
31 4
31 5
31 6
31 10
31 15
31 17
31 18
31 19
31 20
31 21
31 24
31 25
31 27
31 28
31 29
31 33
31 34
31 35
31 36
31 37
31 38
31 43
31 46
31 48
31 49
31 50
31 53
31 58
31 59
31 62
31 63
31 67
31 69
32 1
32 2
32 4
32 5
32 7
32 8
32 9
32 11
32 12
32 13
32 15
32 18
32 20
32 21
32 22
32 23
32 24
32 25
32 26
32 28
32 30
32 34
32 35
32 36
32 37
32 38
32 40
32 41
32 42
32 43
32 44
32 46
32 47
32 48
32 49
32 51
32 53
32 55
32 56
32 57
32 58
32 59
32 60
32 61
32 62
32 63
32 64
32 65
32 66
32 67
32 68
32 69
33 1
33 3
33 4
33 5
33 6
33 8
33 9
33 12
33 14
33 15
33 16
33 17
33 19
33 20
33 22
33 23
33 25
33 26
33 28
33 29
33 30
33 31
33 34
33 36
33 37
33 38
33 39
33 42
33 43
33 44
33 46
33 47
33 49
33 50
33 52
33 53
33 54
33 55
33 57
33 59
33 61
33 62
33 64
33 65
33 66
33 67
34 1
34 2
34 5
34 8
34 9
34 12
34 13
34 14
34 18
34 20
34 24
34 26
34 27
34 29
34 31
34 32
34 33
34 35
34 36
34 38
34 39
34 40
34 45
34 46
34 48
34 49
34 50
34 51
34 52
34 53
34 56
34 60
34 62
34 63
34 64
34 65
34 66
34 67
35 0
35 4
35 5
35 6
35 7
35 8
35 9
35 10
35 14
35 17
35 18
35 19
35 23
35 29
35 30
35 31
35 32
35 34
35 38
35 39
35 43
35 44
35 45
35 46
35 47
35 49
35 50
35 51
35 53
35 55
35 56
35 57
35 58
35 61
35 62
35 64
35 65
35 66
35 69
36 1
36 2
36 3
36 4
36 5
36 7
36 8
36 9
36 10
36 11
36 12
36 14
36 15
36 19
36 21
36 22
36 23
36 25
36 26
36 29
36 31
36 32
36 33
36 34
36 40
36 41
36 42
36 45
36 46
36 47
36 48
36 49
36 50
36 51
36 52
36 55
36 57
36 58
36 59
36 62
36 64
36 68
36 69
37 0
37 4
37 5
37 6
37 7
37 11
37 12
37 13
37 14
37 16
37 17
37 18
37 19
37 21
37 22
37 24
37 25
37 26
37 27
37 30
37 31
37 32
37 33
37 39
37 42
37 43
37 46
37 47
37 48
37 49
37 51
37 52
37 54
37 55
37 57
37 58
37 59
37 60
37 61
37 62
37 64
37 65
37 66
37 68
37 69
38 0
38 3
38 5
38 6
38 12
38 14
38 15
38 16
38 17
38 20
38 21
38 22
38 23
38 24
38 25
38 27
38 28
38 29
38 31
38 32
38 33
38 34
38 35
38 40
38 42
38 44
38 45
38 46
38 47
38 48
38 50
38 51
38 52
38 53
38 54
38 55
38 56
38 58
38 59
38 60
38 61
38 63
38 64
38 65
38 66
38 67
38 68
38 69
39 0
39 1
39 3
39 5
39 7
39 8
39 9
39 11
39 13
39 14
39 15
39 16
39 17
39 19
39 22
39 25
39 26
39 27
39 28
39 29
39 33
39 34
39 35
39 37
39 40
39 41
39 42
39 43
39 46
39 49
39 52
39 53
39 57
39 58
39 59
39 60
39 61
39 62
39 64
39 65
39 69
40 0
40 2
40 3
40 4
40 5
40 6
40 8
40 9
40 10
40 11
40 12
40 13
40 15
40 16
40 18
40 19
40 21
40 22
40 25
40 26
40 27
40 28
40 32
40 34
40 36
40 38
40 39
40 42
40 44
40 45
40 50
40 52
40 53
40 54
40 55
40 57
40 58
40 59
40 61
40 63
40 64
40 65
40 66
40 67
40 68
40 69
41 1
41 2
41 4
41 6
41 9
41 12
41 14
41 15
41 19
41 21
41 22
41 23
41 24
41 26
41 30
41 32
41 36
41 39
41 45
41 46
41 47
41 49
41 50
41 52
41 53
41 54
41 55
41 57
41 60
41 61
41 64
41 65
41 66
41 68
41 69
42 0
42 1
42 2
42 5
42 7
42 8
42 11
42 12
42 13
42 15
42 17
42 19
42 20
42 21
42 22
42 24
42 26
42 27
42 29
42 32
42 33
42 36
42 37
42 38
42 39
42 40
42 43
42 46
42 47
42 48
42 49
42 51
42 52
42 55
42 56
42 57
42 65
42 66
42 68
42 69
43 0
43 3
43 4
43 5
43 7
43 10
43 11
43 13
43 14
43 16
43 17
43 19
43 21
43 22
43 24
43 25
43 26
43 28
43 30
43 31
43 32
43 33
43 35
43 37
43 39
43 42
43 45
43 46
43 47
43 51
43 52
43 53
43 56
43 59
43 62
43 65
43 66
43 67
43 68
43 69
44 1
44 6
44 7
44 8
44 9
44 11
44 12
44 14
44 15
44 16
44 18
44 19
44 20
44 21
44 22
44 23
44 27
44 28
44 32
44 33
44 35
44 38
44 40
44 45
44 46
44 47
44 48
44 50
44 55
44 56
44 57
44 59
44 60
44 61
44 63
44 64
44 66
44 68
45 0
45 1
45 2
45 3
45 4
45 5
45 7
45 8
45 11
45 13
45 14
45 18
45 20
45 21
45 22
45 25
45 26
45 29
45 34
45 35
45 36
45 38
45 40
45 41
45 43
45 44
45 46
45 49
45 50
45 53
45 55
45 56
45 59
45 60
45 63
45 64
45 65
45 67
45 68
45 69
46 1
46 4
46 5
46 6
46 9
46 10
46 13
46 14
46 16
46 17
46 18
46 19
46 20
46 21
46 25
46 31
46 32
46 33
46 34
46 35
46 36
46 37
46 38
46 39
46 41
46 42
46 43
46 44
46 45
46 49
46 51
46 52
46 55
46 56
46 58
46 59
46 60
46 62
46 63
46 65
46 66
46 67
46 68
46 69
47 0
47 1
47 2
47 4
47 5
47 7
47 9
47 10
47 12
47 15
47 16
47 17
47 18
47 19
47 21
47 22
47 23
47 24
47 26
47 29
47 32
47 33
47 35
47 36
47 37
47 38
47 41
47 42
47 43
47 44
47 48
47 51
47 53
47 54
47 56
47 57
47 58
47 59
47 60
47 61
47 62
47 63
47 67
47 69
48 1
48 2
48 3
48 5
48 6
48 7
48 8
48 9
48 10
48 15
48 16
48 18
48 20
48 21
48 22
48 23
48 24
48 25
48 29
48 31
48 32
48 34
48 36
48 37
48 38
48 42
48 44
48 47
48 49
48 50
48 51
48 52
48 56
48 57
48 58
48 61
48 64
48 65
48 66
48 67
48 69
49 0
49 4
49 5
49 8
49 9
49 11
49 13
49 14
49 15
49 18
49 19
49 20
49 21
49 22
49 23
49 27
49 28
49 29
49 30
49 31
49 32
49 33
49 34
49 35
49 36
49 37
49 39
49 41
49 42
49 45
49 46
49 48
49 52
49 53
49 54
49 55
49 57
49 60
49 62
49 63
49 64
49 65
49 67
49 68
49 69
50 1
50 3
50 4
50 6
50 7
50 8
50 9
50 10
50 11
50 14
50 15
50 20
50 22
50 24
50 27
50 28
50 29
50 30
50 31
50 33
50 34
50 35
50 36
50 38
50 40
50 41
50 44
50 45
50 48
50 51
50 52
50 55
50 57
50 59
50 62
50 64
50 66
50 67
50 68
51 0
51 4
51 5
51 6
51 7
51 8
51 9
51 10
51 13
51 15
51 16
51 18
51 20
51 21
51 24
51 26
51 30
51 32
51 34
51 35
51 36
51 37
51 38
51 42
51 43
51 46
51 47
51 48
51 50
51 53
51 61
51 62
51 63
51 65
51 66
51 67
52 1
52 2
52 3
52 4
52 8
52 10
52 11
52 14
52 15
52 16
52 17
52 22
52 24
52 26
52 28
52 29
52 30
52 33
52 34
52 36
52 37
52 38
52 39
52 40
52 41
52 42
52 43
52 46
52 48
52 49
52 50
52 54
52 56
52 57
52 58
52 59
52 61
52 63
52 65
52 68
52 69
53 0
53 4
53 5
53 6
53 8
53 9
53 10
53 13
53 14
53 15
53 17
53 18
53 19
53 20
53 21
53 22
53 23
53 24
53 25
53 26
53 27
53 29
53 30
53 31
53 32
53 33
53 34
53 35
53 38
53 39
53 40
53 41
53 43
53 45
53 47
53 49
53 51
53 54
53 55
53 56
53 57
53 58
53 59
53 60
53 62
53 64
53 65
53 67
53 68
54 0
54 3
54 4
54 8
54 9
54 10
54 12
54 14
54 15
54 17
54 18
54 19
54 20
54 22
54 23
54 25
54 27
54 28
54 29
54 33
54 37
54 38
54 40
54 41
54 47
54 49
54 52
54 53
54 55
54 56
54 58
54 60
54 61
54 64
54 65
54 68
54 69
55 0
55 1
55 2
55 6
55 8
55 10
55 11
55 18
55 19
55 20
55 21
55 23
55 24
55 25
55 29
55 30
55 32
55 33
55 35
55 36
55 37
55 38
55 40
55 41
55 42
55 44
55 45
55 46
55 49
55 50
55 53
55 54
55 56
55 57
55 61
55 63
55 64
55 65
55 66
55 69
56 1
56 2
56 4
56 5
56 6
56 7
56 8
56 9
56 10
56 11
56 12
56 14
56 15
56 17
56 18
56 22
56 25
56 26
56 27
56 29
56 30
56 32
56 34
56 35
56 38
56 42
56 43
56 44
56 45
56 46
56 47
56 48
56 52
56 53
56 54
56 55
56 57
56 59
56 61
56 62
56 65
56 66
56 67
56 69
57 0
57 6
57 11
57 12
57 14
57 17
57 19
57 20
57 21
57 22
57 25
57 28
57 29
57 30
57 32
57 33
57 35
57 36
57 37
57 39
57 40
57 41
57 42
57 44
57 47
57 48
57 49
57 50
57 52
57 53
57 55
57 56
57 58
57 59
57 61
57 64
57 66
57 67
58 0
58 1
58 3
58 6
58 7
58 9
58 12
58 13
58 16
58 17
58 20
58 21
58 22
58 25
58 26
58 27
58 30
58 31
58 32
58 35
58 36
58 37
58 38
58 39
58 40
58 46
58 47
58 48
58 52
58 53
58 54
58 57
58 59
58 63
58 64
58 66
58 67
58 68
58 69
59 0
59 1
59 2
59 3
59 6
59 8
59 9
59 12
59 13
59 14
59 15
59 17
59 19
59 20
59 24
59 28
59 29
59 30
59 31
59 32
59 33
59 36
59 37
59 38
59 39
59 40
59 43
59 44
59 45
59 46
59 47
59 50
59 52
59 53
59 56
59 57
59 58
59 60
59 62
59 64
59 65
59 66
59 69
60 0
60 2
60 6
60 8
60 9
60 10
60 13
60 14
60 15
60 16
60 17
60 21
60 22
60 25
60 26
60 28
60 30
60 32
60 34
60 37
60 38
60 39
60 41
60 44
60 45
60 46
60 47
60 49
60 53
60 54
60 59
60 63
60 64
60 65
60 66
60 68
60 69
61 1
61 4
61 5
61 8
61 9
61 11
61 12
61 13
61 15
61 16
61 17
61 22
61 23
61 25
61 26
61 27
61 30
61 32
61 33
61 35
61 37
61 38
61 39
61 40
61 41
61 44
61 47
61 48
61 51
61 52
61 54
61 55
61 56
61 57
61 62
61 64
61 65
61 68
62 1
62 3
62 4
62 5
62 8
62 9
62 11
62 12
62 14
62 15
62 16
62 17
62 18
62 20
62 21
62 23
62 25
62 26
62 27
62 29
62 30
62 31
62 32
62 33
62 34
62 35
62 36
62 37
62 39
62 43
62 46
62 47
62 49
62 50
62 51
62 53
62 56
62 59
62 61
62 63
62 64
62 65
62 66
62 67
62 68
63 1
63 2
63 5
63 6
63 7
63 8
63 9
63 12
63 13
63 14
63 15
63 16
63 17
63 18
63 19
63 22
63 23
63 26
63 28
63 29
63 30
63 31
63 32
63 34
63 38
63 40
63 44
63 45
63 46
63 47
63 49
63 51
63 52
63 55
63 58
63 60
63 62
63 65
63 67
63 68
63 69
64 0
64 1
64 3
64 7
64 10
64 13
64 14
64 17
64 20
64 22
64 24
64 26
64 27
64 29
64 32
64 33
64 34
64 35
64 36
64 37
64 38
64 39
64 40
64 41
64 44
64 45
64 48
64 49
64 50
64 53
64 54
64 55
64 57
64 58
64 59
64 60
64 61
64 62
64 65
64 68
64 69
65 1
65 4
65 5
65 7
65 9
65 10
65 11
65 13
65 14
65 15
65 16
65 17
65 19
65 20
65 21
65 24
65 26
65 27
65 28
65 29
65 32
65 33
65 34
65 35
65 37
65 38
65 39
65 40
65 41
65 42
65 43
65 45
65 46
65 48
65 49
65 51
65 52
65 53
65 54
65 55
65 56
65 59
65 60
65 61
65 62
65 63
65 64
66 0
66 1
66 2
66 6
66 8
66 11
66 13
66 14
66 15
66 17
66 22
66 24
66 25
66 26
66 27
66 28
66 29
66 32
66 33
66 34
66 35
66 37
66 38
66 40
66 41
66 42
66 43
66 44
66 46
66 48
66 50
66 51
66 55
66 56
66 57
66 58
66 59
66 60
66 62
66 68
66 69
67 1
67 3
67 6
67 8
67 9
67 10
67 15
67 16
67 19
67 20
67 22
67 24
67 25
67 27
67 28
67 30
67 31
67 32
67 33
67 34
67 38
67 40
67 43
67 45
67 46
67 47
67 48
67 49
67 50
67 51
67 53
67 56
67 57
67 58
67 62
67 63
67 69
68 0
68 2
68 5
68 6
68 9
68 10
68 11
68 13
68 14
68 15
68 16
68 17
68 18
68 20
68 21
68 24
68 25
68 26
68 27
68 30
68 32
68 36
68 37
68 38
68 40
68 41
68 42
68 43
68 44
68 45
68 46
68 49
68 50
68 52
68 53
68 54
68 58
68 60
68 61
68 62
68 63
68 64
68 66
68 69
69 0
69 2
69 3
69 5
69 7
69 9
69 11
69 12
69 13
69 14
69 15
69 16
69 17
69 19
69 20
69 21
69 23
69 25
69 26
69 27
69 28
69 29
69 31
69 32
69 35
69 36
69 37
69 38
69 39
69 40
69 41
69 42
69 43
69 45
69 46
69 47
69 48
69 49
69 52
69 54
69 55
69 56
69 58
69 59
69 60
69 63
69 64
69 66
69 67
69 68
end
